
YOUR MAP LOOK LIKE THIS:
[0, 0, 0, 0, 0, 0, 1, 1, 1, 1, 0, 0, 1, 1, 1]
[1, 1, 1, 1, 0, 0, 1, 1, 3, 1, 0, 0, 1, 9, 1]
[1, 1, 5, 1, 0, 0, 1, 1, 1, 1, 0, 0, 1, 1, 1]
[1, 1, 1, 1, 0, 0, 1, 1, 1, 1, 0, 0, 1, 1, 1]
[1, 1, 1, 1, 0, 0, 1, 1, 1, 1, 0, 0, 1, 1, 1]
[1, 1, 1, 1, 0, 0, 1, 1, 1, 1, 0, 0, 0, 0, 0]
Start at ( 1 , 4 )
ManaBoa:
[2, 2, 2, 4, 4, 4, 5]
[8, 1, 2, 4, 10, 4, 11]
======================================
Solve Best

THIS IS SUCCESS ROAD
================================

Step: 1 >>>   STANDING 1 4
=============================
              1 1 1 1     1 1 1 
  1 1 1 1     1 1 3 1     1 9 1 
  1 1 5 1     1 1 1 1     1 1 1 
  1 1 1 1     1 1 1 1     1 1 1 
  1 x 1 1     1 1 1 1     1 1 1 
  1 1 1 1     1 1 1 1           

Step: 2 >>>   LAYING_Y 1 2
=============================
              1 1 1 1     1 1 1 
  1 1 1 1     1 1 3 1     1 9 1 
  1 x 5 1     1 1 1 1     1 1 1 
  1 x 1 1     1 1 1 1     1 1 1 
  1 1 1 1     1 1 1 1     1 1 1 
  1 1 1 1     1 1 1 1           

Step: 3 >>>   LAYING_Y 2 2
=============================
              1 1 1 1     1 1 1 
  1 1 1 1     1 1 3 1     1 9 1 
  1 1 x 1     1 1 1 1     1 1 1 
  1 1 x 1     1 1 1 1     1 1 1 
  1 1 1 1 1 1 1 1 1 1     1 1 1 
  1 1 1 1     1 1 1 1           

Step: 4 >>>   STANDING 2 4
=============================
              1 1 1 1     1 1 1 
  1 1 1 1     1 1 3 1     1 9 1 
  1 1 5 1     1 1 1 1     1 1 1 
  1 1 1 1     1 1 1 1     1 1 1 
  1 1 x 1 1 1 1 1 1 1     1 1 1 
  1 1 1 1     1 1 1 1           

Step: 5 >>>   LAYING_X 3 4
=============================
              1 1 1 1     1 1 1 
  1 1 1 1     1 1 3 1     1 9 1 
  1 1 5 1     1 1 1 1     1 1 1 
  1 1 1 1     1 1 1 1     1 1 1 
  1 1 1 x x 1 1 1 1 1     1 1 1 
  1 1 1 1     1 1 1 1           

Step: 6 >>>   STANDING 5 4
=============================
              1 1 1 1     1 1 1 
  1 1 1 1     1 1 3 1     1 9 1 
  1 1 5 1     1 1 1 1     1 1 1 
  1 1 1 1     1 1 1 1     1 1 1 
  1 1 1 1 1 x 1 1 1 1     1 1 1 
  1 1 1 1     1 1 1 1           

Step: 7 >>>   LAYING_X 6 4
=============================
              1 1 1 1     1 1 1 
  1 1 1 1     1 1 3 1     1 9 1 
  1 1 5 1     1 1 1 1     1 1 1 
  1 1 1 1     1 1 1 1     1 1 1 
  1 1 1 1 1 1 x x 1 1     1 1 1 
  1 1 1 1     1 1 1 1           

Step: 8 >>>   LAYING_X 6 3
=============================
              1 1 1 1     1 1 1 
  1 1 1 1     1 1 3 1     1 9 1 
  1 1 5 1     1 1 1 1     1 1 1 
  1 1 1 1     x x 1 1     1 1 1 
  1 1 1 1 1 1 1 1 1 1     1 1 1 
  1 1 1 1     1 1 1 1           

Step: 9 >>>   LAYING_X 6 2
=============================
              1 1 1 1     1 1 1 
  1 1 1 1     1 1 3 1     1 9 1 
  1 1 5 1     x x 1 1     1 1 1 
  1 1 1 1     1 1 1 1     1 1 1 
  1 1 1 1 1 1 1 1 1 1     1 1 1 
  1 1 1 1     1 1 1 1           

Step: 10 >>>   LAYING_X 6 1
=============================
              1 1 1 1     1 1 1 
  1 1 1 1     x x 3 1     1 9 1 
  1 1 5 1     1 1 1 1     1 1 1 
  1 1 1 1     1 1 1 1     1 1 1 
  1 1 1 1 1 1 1 1 1 1     1 1 1 
  1 1 1 1     1 1 1 1           

Step: 11 >>>   STANDING 8 1
=============================
              1 1 1 1     1 1 1 
  1 1 1 1     1 1 x 1     1 9 1 
  1 1 5 1     1 1 1 1     1 1 1 
  1 1 1 1     1 1 1 1     1 1 1 
  1 1 1 1 1 1 1 1 1 1 1 1 1 1 1 
  1 1 1 1     1 1 1 1           

Step: 12 >>>   LAYING_X 6 1
=============================
              1 1 1 1     1 1 1 
  1 1 1 1     x x 3 1     1 9 1 
  1 1 5 1     1 1 1 1     1 1 1 
  1 1 1 1     1 1 1 1     1 1 1 
  1 1 1 1 1 1 1 1 1 1 1 1 1 1 1 
  1 1 1 1     1 1 1 1           

Step: 13 >>>   LAYING_X 6 2
=============================
              1 1 1 1     1 1 1 
  1 1 1 1     1 1 3 1     1 9 1 
  1 1 5 1     x x 1 1     1 1 1 
  1 1 1 1     1 1 1 1     1 1 1 
  1 1 1 1 1 1 1 1 1 1 1 1 1 1 1 
  1 1 1 1     1 1 1 1           

Step: 14 >>>   LAYING_X 6 3
=============================
              1 1 1 1     1 1 1 
  1 1 1 1     1 1 3 1     1 9 1 
  1 1 5 1     1 1 1 1     1 1 1 
  1 1 1 1     x x 1 1     1 1 1 
  1 1 1 1 1 1 1 1 1 1 1 1 1 1 1 
  1 1 1 1     1 1 1 1           

Step: 15 >>>   LAYING_X 6 4
=============================
              1 1 1 1     1 1 1 
  1 1 1 1     1 1 3 1     1 9 1 
  1 1 5 1     1 1 1 1     1 1 1 
  1 1 1 1     1 1 1 1     1 1 1 
  1 1 1 1 1 1 x x 1 1 1 1 1 1 1 
  1 1 1 1     1 1 1 1           

Step: 16 >>>   STANDING 5 4
=============================
              1 1 1 1     1 1 1 
  1 1 1 1     1 1 3 1     1 9 1 
  1 1 5 1     1 1 1 1     1 1 1 
  1 1 1 1     1 1 1 1     1 1 1 
  1 1 1 1 1 x 1 1 1 1 1 1 1 1 1 
  1 1 1 1     1 1 1 1           

Step: 17 >>>   LAYING_X 3 4
=============================
              1 1 1 1     1 1 1 
  1 1 1 1     1 1 3 1     1 9 1 
  1 1 5 1     1 1 1 1     1 1 1 
  1 1 1 1     1 1 1 1     1 1 1 
  1 1 1 x x 1 1 1 1 1 1 1 1 1 1 
  1 1 1 1     1 1 1 1           

Step: 18 >>>   STANDING 2 4
=============================
              1 1 1 1     1 1 1 
  1 1 1 1     1 1 3 1     1 9 1 
  1 1 5 1     1 1 1 1     1 1 1 
  1 1 1 1     1 1 1 1     1 1 1 
  1 1 x 1 1 1 1 1 1 1 1 1 1 1 1 
  1 1 1 1     1 1 1 1           

Step: 19 >>>   LAYING_Y 2 2
=============================
              1 1 1 1     1 1 1 
  1 1 1 1     1 1 3 1     1 9 1 
  1 1 x 1     1 1 1 1     1 1 1 
  1 1 x 1     1 1 1 1     1 1 1 
  1 1 1 1     1 1 1 1 1 1 1 1 1 
  1 1 1 1     1 1 1 1           

Step: 20 >>>   LAYING_Y 1 2
=============================
              1 1 1 1     1 1 1 
  1 1 1 1     1 1 3 1     1 9 1 
  1 x 5 1     1 1 1 1     1 1 1 
  1 x 1 1     1 1 1 1     1 1 1 
  1 1 1 1     1 1 1 1 1 1 1 1 1 
  1 1 1 1     1 1 1 1           

Step: 21 >>>   LAYING_Y 2 2
=============================
              1 1 1 1     1 1 1 
  1 1 1 1     1 1 3 1     1 9 1 
  1 1 x 1     1 1 1 1     1 1 1 
  1 1 x 1     1 1 1 1     1 1 1 
  1 1 1 1 1 1 1 1 1 1 1 1 1 1 1 
  1 1 1 1     1 1 1 1           

Step: 22 >>>   LAYING_Y 3 2
=============================
              1 1 1 1     1 1 1 
  1 1 1 1     1 1 3 1     1 9 1 
  1 1 5 x     1 1 1 1     1 1 1 
  1 1 1 x     1 1 1 1     1 1 1 
  1 1 1 1 1 1 1 1 1 1 1 1 1 1 1 
  1 1 1 1     1 1 1 1           

Step: 23 >>>   STANDING 3 4
=============================
              1 1 1 1     1 1 1 
  1 1 1 1     1 1 3 1     1 9 1 
  1 1 5 1     1 1 1 1     1 1 1 
  1 1 1 1     1 1 1 1     1 1 1 
  1 1 1 x 1 1 1 1 1 1 1 1 1 1 1 
  1 1 1 1     1 1 1 1           

Step: 24 >>>   LAYING_X 4 4
=============================
              1 1 1 1     1 1 1 
  1 1 1 1     1 1 3 1     1 9 1 
  1 1 5 1     1 1 1 1     1 1 1 
  1 1 1 1     1 1 1 1     1 1 1 
  1 1 1 1 x x 1 1 1 1 1 1 1 1 1 
  1 1 1 1     1 1 1 1           

Step: 25 >>>   STANDING 6 4
=============================
              1 1 1 1     1 1 1 
  1 1 1 1     1 1 3 1     1 9 1 
  1 1 5 1     1 1 1 1     1 1 1 
  1 1 1 1     1 1 1 1     1 1 1 
  1 1 1 1 1 1 x 1 1 1 1 1 1 1 1 
  1 1 1 1     1 1 1 1           

Step: 26 >>>   LAYING_X 7 4
=============================
              1 1 1 1     1 1 1 
  1 1 1 1     1 1 3 1     1 9 1 
  1 1 5 1     1 1 1 1     1 1 1 
  1 1 1 1     1 1 1 1     1 1 1 
  1 1 1 1 1 1 1 x x 1 1 1 1 1 1 
  1 1 1 1     1 1 1 1           

Step: 27 >>>   STANDING 9 4
=============================
              1 1 1 1     1 1 1 
  1 1 1 1     1 1 3 1     1 9 1 
  1 1 5 1     1 1 1 1     1 1 1 
  1 1 1 1     1 1 1 1     1 1 1 
  1 1 1 1 1 1 1 1 1 x 1 1 1 1 1 
  1 1 1 1     1 1 1 1           

Step: 28 >>>   LAYING_X 10 4
=============================
              1 1 1 1     1 1 1 
  1 1 1 1     1 1 3 1     1 9 1 
  1 1 5 1     1 1 1 1     1 1 1 
  1 1 1 1     1 1 1 1     1 1 1 
  1 1 1 1 1 1 1 1 1 1 x x 1 1 1 
  1 1 1 1     1 1 1 1           

Step: 29 >>>   STANDING 12 4
=============================
              1 1 1 1     1 1 1 
  1 1 1 1     1 1 3 1     1 9 1 
  1 1 5 1     1 1 1 1     1 1 1 
  1 1 1 1     1 1 1 1     1 1 1 
  1 1 1 1 1 1 1 1 1 1 1 1 x 1 1 
  1 1 1 1     1 1 1 1           

Step: 30 >>>   LAYING_Y 12 2
=============================
              1 1 1 1     1 1 1 
  1 1 1 1     1 1 3 1     1 9 1 
  1 1 5 1     1 1 1 1     x 1 1 
  1 1 1 1     1 1 1 1     x 1 1 
  1 1 1 1 1 1 1 1 1 1 1 1 1 1 1 
  1 1 1 1     1 1 1 1           

Step: 31 >>>   LAYING_Y 13 2
=============================
              1 1 1 1     1 1 1 
  1 1 1 1     1 1 3 1     1 9 1 
  1 1 5 1     1 1 1 1     1 x 1 
  1 1 1 1     1 1 1 1     1 x 1 
  1 1 1 1 1 1 1 1 1 1 1 1 1 1 1 
  1 1 1 1     1 1 1 1           

Step: 32 >>>   STANDING 13 1
=============================
              1 1 1 1     1 1 1 
  1 1 1 1     1 1 3 1     1 x 1 
  1 1 5 1     1 1 1 1     1 1 1 
  1 1 1 1     1 1 1 1     1 1 1 
  1 1 1 1 1 1 1 1 1 1 1 1 1 1 1 
  1 1 1 1     1 1 1 1           
COMSUME 32 STEP!!!!
SUCCESS
COMSUME 1436 VIRTUAL STEP
