
YOUR MAP LOOK LIKE THIS:
[0, 0, 0, 0, 0, 0, 1, 1, 1, 1, 1, 1, 1, 0, 0]
[1, 1, 1, 1, 0, 0, 1, 1, 1, 0, 0, 1, 1, 0, 0]
[1, 1, 1, 1, 1, 1, 1, 1, 1, 0, 0, 1, 1, 1, 1]
[1, 1, 1, 1, 0, 0, 0, 0, 0, 0, 0, 1, 1, 9, 1]
[1, 1, 1, 1, 0, 0, 0, 0, 0, 0, 0, 1, 1, 1, 1]
[1, 1, 1, 1, 0, 0, 0, 0, 0, 0, 0, 0, 1, 1, 1]
Start at ( 4 , 2 )
ManaBoa:
======================================
Solve Best

THIS IS SUCCESS ROAD
================================

Step: 1 >>>   STANDING 4 2
=============================
              1 1 1 1 1 1 1     
  1 1 1 1     1 1 1     1 1     
  1 1 1 1 x 1 1 1 1     1 1 1 1 
  1 1 1 1               1 1 9 1 
  1 1 1 1               1 1 1 1 
  1 1 1 1                 1 1 1 

Step: 2 >>>   LAYING_X 2 2
=============================
              1 1 1 1 1 1 1     
  1 1 1 1     1 1 1     1 1     
  1 1 x x 1 1 1 1 1     1 1 1 1 
  1 1 1 1               1 1 9 1 
  1 1 1 1               1 1 1 1 
  1 1 1 1                 1 1 1 

Step: 3 >>>   LAYING_X 2 1
=============================
              1 1 1 1 1 1 1     
  1 1 x x     1 1 1     1 1     
  1 1 1 1 1 1 1 1 1     1 1 1 1 
  1 1 1 1               1 1 9 1 
  1 1 1 1               1 1 1 1 
  1 1 1 1                 1 1 1 

Step: 4 >>>   STANDING 1 1
=============================
              1 1 1 1 1 1 1     
  1 x 1 1     1 1 1     1 1     
  1 1 1 1 1 1 1 1 1     1 1 1 1 
  1 1 1 1               1 1 9 1 
  1 1 1 1               1 1 1 1 
  1 1 1 1                 1 1 1 

Step: 5 >>>   LAYING_Y 1 2
=============================
              1 1 1 1 1 1 1     
  1 1 1 1     1 1 1     1 1     
  1 x 1 1 1 1 1 1 1     1 1 1 1 
  1 x 1 1               1 1 9 1 
  1 1 1 1               1 1 1 1 
  1 1 1 1                 1 1 1 

Step: 6 >>>   LAYING_Y 0 2
=============================
              1 1 1 1 1 1 1     
  1 1 1 1     1 1 1     1 1     
  x 1 1 1 1 1 1 1 1     1 1 1 1 
  x 1 1 1               1 1 9 1 
  1 1 1 1               1 1 1 1 
  1 1 1 1                 1 1 1 

Step: 7 >>>   STANDING 0 1
=============================
              1 1 1 1 1 1 1     
  x 1 1 1     1 1 1     1 1     
  1 1 1 1 1 1 1 1 1     1 1 1 1 
  1 1 1 1               1 1 9 1 
  1 1 1 1               1 1 1 1 
  1 1 1 1                 1 1 1 

Step: 8 >>>   LAYING_X 1 1
=============================
              1 1 1 1 1 1 1     
  1 x x 1     1 1 1     1 1     
  1 1 1 1 1 1 1 1 1     1 1 1 1 
  1 1 1 1               1 1 9 1 
  1 1 1 1               1 1 1 1 
  1 1 1 1                 1 1 1 

Step: 9 >>>   LAYING_X 1 2
=============================
              1 1 1 1 1 1 1     
  1 1 1 1     1 1 1     1 1     
  1 x x 1 1 1 1 1 1     1 1 1 1 
  1 1 1 1               1 1 9 1 
  1 1 1 1               1 1 1 1 
  1 1 1 1                 1 1 1 

Step: 10 >>>   STANDING 3 2
=============================
              1 1 1 1 1 1 1     
  1 1 1 1     1 1 1     1 1     
  1 1 1 x 1 1 1 1 1     1 1 1 1 
  1 1 1 1               1 1 9 1 
  1 1 1 1               1 1 1 1 
  1 1 1 1                 1 1 1 

Step: 11 >>>   LAYING_X 4 2
=============================
              1 1 1 1 1 1 1     
  1 1 1 1     1 1 1     1 1     
  1 1 1 1 x x 1 1 1     1 1 1 1 
  1 1 1 1               1 1 9 1 
  1 1 1 1               1 1 1 1 
  1 1 1 1                 1 1 1 

Step: 12 >>>   STANDING 6 2
=============================
              1 1 1 1 1 1 1     
  1 1 1 1     1 1 1     1 1     
  1 1 1 1 1 1 x 1 1     1 1 1 1 
  1 1 1 1               1 1 9 1 
  1 1 1 1               1 1 1 1 
  1 1 1 1                 1 1 1 

Step: 13 >>>   LAYING_X 7 2
=============================
              1 1 1 1 1 1 1     
  1 1 1 1     1 1 1     1 1     
  1 1 1 1 1 1 1 x x     1 1 1 1 
  1 1 1 1               1 1 9 1 
  1 1 1 1               1 1 1 1 
  1 1 1 1                 1 1 1 

Step: 14 >>>   LAYING_X 7 1
=============================
              1 1 1 1 1 1 1     
  1 1 1 1     1 x x     1 1     
  1 1 1 1 1 1 1 1 1     1 1 1 1 
  1 1 1 1               1 1 9 1 
  1 1 1 1               1 1 1 1 
  1 1 1 1                 1 1 1 

Step: 15 >>>   LAYING_X 7 0
=============================
              1 x x 1 1 1 1     
  1 1 1 1     1 1 1     1 1     
  1 1 1 1 1 1 1 1 1     1 1 1 1 
  1 1 1 1               1 1 9 1 
  1 1 1 1               1 1 1 1 
  1 1 1 1                 1 1 1 

Step: 16 >>>   STANDING 6 0
=============================
              x 1 1 1 1 1 1     
  1 1 1 1     1 1 1     1 1     
  1 1 1 1 1 1 1 1 1     1 1 1 1 
  1 1 1 1               1 1 9 1 
  1 1 1 1               1 1 1 1 
  1 1 1 1                 1 1 1 

Step: 17 >>>   LAYING_Y 6 1
=============================
              1 1 1 1 1 1 1     
  1 1 1 1     x 1 1     1 1     
  1 1 1 1 1 1 x 1 1     1 1 1 1 
  1 1 1 1               1 1 9 1 
  1 1 1 1               1 1 1 1 
  1 1 1 1                 1 1 1 

Step: 18 >>>   LAYING_Y 7 1
=============================
              1 1 1 1 1 1 1     
  1 1 1 1     1 x 1     1 1     
  1 1 1 1 1 1 1 x 1     1 1 1 1 
  1 1 1 1               1 1 9 1 
  1 1 1 1               1 1 1 1 
  1 1 1 1                 1 1 1 

Step: 19 >>>   STANDING 7 0
=============================
              1 x 1 1 1 1 1     
  1 1 1 1     1 1 1     1 1     
  1 1 1 1 1 1 1 1 1     1 1 1 1 
  1 1 1 1               1 1 9 1 
  1 1 1 1               1 1 1 1 
  1 1 1 1                 1 1 1 

Step: 20 >>>   LAYING_X 8 0
=============================
              1 1 x x 1 1 1     
  1 1 1 1     1 1 1     1 1     
  1 1 1 1 1 1 1 1 1     1 1 1 1 
  1 1 1 1               1 1 9 1 
  1 1 1 1               1 1 1 1 
  1 1 1 1                 1 1 1 

Step: 21 >>>   STANDING 10 0
=============================
              1 1 1 1 x 1 1     
  1 1 1 1     1 1 1     1 1     
  1 1 1 1 1 1 1 1 1     1 1 1 1 
  1 1 1 1               1 1 9 1 
  1 1 1 1               1 1 1 1 
  1 1 1 1                 1 1 1 

Step: 22 >>>   LAYING_X 11 0
=============================
              1 1 1 1 1 x x     
  1 1 1 1     1 1 1     1 1     
  1 1 1 1 1 1 1 1 1     1 1 1 1 
  1 1 1 1               1 1 9 1 
  1 1 1 1               1 1 1 1 
  1 1 1 1                 1 1 1 

Step: 23 >>>   LAYING_X 11 1
=============================
              1 1 1 1 1 1 1     
  1 1 1 1     1 1 1     x x     
  1 1 1 1 1 1 1 1 1     1 1 1 1 
  1 1 1 1               1 1 9 1 
  1 1 1 1               1 1 1 1 
  1 1 1 1                 1 1 1 

Step: 24 >>>   LAYING_X 11 2
=============================
              1 1 1 1 1 1 1     
  1 1 1 1     1 1 1     1 1     
  1 1 1 1 1 1 1 1 1     x x 1 1 
  1 1 1 1               1 1 9 1 
  1 1 1 1               1 1 1 1 
  1 1 1 1                 1 1 1 

Step: 25 >>>   LAYING_X 11 3
=============================
              1 1 1 1 1 1 1     
  1 1 1 1     1 1 1     1 1     
  1 1 1 1 1 1 1 1 1     1 1 1 1 
  1 1 1 1               x x 9 1 
  1 1 1 1               1 1 1 1 
  1 1 1 1                 1 1 1 

Step: 26 >>>   STANDING 13 3
=============================
              1 1 1 1 1 1 1     
  1 1 1 1     1 1 1     1 1     
  1 1 1 1 1 1 1 1 1     1 1 1 1 
  1 1 1 1               1 1 x 1 
  1 1 1 1               1 1 1 1 
  1 1 1 1                 1 1 1 
COMSUME 26 STEP!!!!
SUCCESS
COMSUME 452 VIRTUAL STEP
