
YOUR MAP LOOK LIKE THIS:
[1, 1, 1, 0, 0, 0, 0, 0, 0, 0]
[1, 1, 1, 1, 1, 1, 0, 0, 0, 0]
[1, 1, 1, 1, 1, 1, 1, 1, 1, 0]
[0, 1, 1, 1, 1, 1, 1, 1, 1, 1]
[0, 0, 0, 0, 0, 1, 1, 9, 1, 1]
[0, 0, 0, 0, 0, 0, 1, 1, 1, 0]
Start at ( 2 , 2 )
ManaBoa:
======================================
Solve Best

THIS IS SUCCESS ROAD
================================

Step: 1 >>>   STANDING 2 2
=============================
  1 1 1               
  1 1 1 1 1 1         
  1 1 x 1 1 1 1 1 1   
    1 1 1 1 1 1 1 1 1 
            1 1 9 1 1 
              1 1 1   

Step: 2 >>>   LAYING_Y 2 0
=============================
  1 1 x               
  1 1 x 1 1 1         
  1 1 1 1 1 1 1 1 1   
    1 1 1 1 1 1 1 1 1 
            1 1 9 1 1 
              1 1 1   

Step: 3 >>>   LAYING_Y 1 0
=============================
  1 x 1               
  1 x 1 1 1 1         
  1 1 1 1 1 1 1 1 1   
    1 1 1 1 1 1 1 1 1 
            1 1 9 1 1 
              1 1 1   

Step: 4 >>>   STANDING 1 2
=============================
  1 1 1               
  1 1 1 1 1 1         
  1 x 1 1 1 1 1 1 1   
    1 1 1 1 1 1 1 1 1 
            1 1 9 1 1 
              1 1 1   

Step: 5 >>>   LAYING_X 2 2
=============================
  1 1 1               
  1 1 1 1 1 1         
  1 1 x x 1 1 1 1 1   
    1 1 1 1 1 1 1 1 1 
            1 1 9 1 1 
              1 1 1   

Step: 6 >>>   LAYING_X 2 3
=============================
  1 1 1               
  1 1 1 1 1 1         
  1 1 1 1 1 1 1 1 1   
    1 x x 1 1 1 1 1 1 
            1 1 9 1 1 
              1 1 1   

Step: 7 >>>   STANDING 4 3
=============================
  1 1 1               
  1 1 1 1 1 1         
  1 1 1 1 1 1 1 1 1   
    1 1 1 x 1 1 1 1 1 
            1 1 9 1 1 
              1 1 1   

Step: 8 >>>   LAYING_X 5 3
=============================
  1 1 1               
  1 1 1 1 1 1         
  1 1 1 1 1 1 1 1 1   
    1 1 1 1 x x 1 1 1 
            1 1 9 1 1 
              1 1 1   

Step: 9 >>>   LAYING_X 5 4
=============================
  1 1 1               
  1 1 1 1 1 1         
  1 1 1 1 1 1 1 1 1   
    1 1 1 1 1 1 1 1 1 
            x x 9 1 1 
              1 1 1   

Step: 10 >>>   STANDING 7 4
=============================
  1 1 1               
  1 1 1 1 1 1         
  1 1 1 1 1 1 1 1 1   
    1 1 1 1 1 1 1 1 1 
            1 1 x 1 1 
              1 1 1   
COMSUME 10 STEP!!!!
SUCCESS
COMSUME 296 VIRTUAL STEP
