
YOUR MAP LOOK LIKE THIS:
[1, 1, 1, 0, 0, 0, 0, 0, 0, 0]
[1, 1, 1, 1, 1, 1, 0, 0, 0, 0]
[1, 1, 1, 1, 1, 1, 1, 1, 1, 0]
[0, 1, 1, 1, 1, 1, 1, 1, 1, 1]
[0, 0, 0, 0, 0, 1, 1, 9, 1, 1]
[0, 0, 0, 0, 0, 0, 1, 1, 1, 0]
Start at ( 2 , 2 )
ManaBoa:
======================================
Solve BFS

THIS IS SUCCESS ROAD
================================

Step: 1 >>>   STANDING 2 2
=============================
1 1 1               
1 1 1 1 1 1         
1 1 x 1 1 1 1 1 1   
  1 1 1 1 1 1 1 1 1 
          1 1 9 1 1 
            1 1 1   

Step: 2 >>>   LAYING_X 3 2
=============================
1 1 1               
1 1 1 1 1 1         
1 1 1 x x 1 1 1 1   
  1 1 1 1 1 1 1 1 1 
          1 1 9 1 1 
            1 1 1   

Step: 3 >>>   LAYING_X 3 1
=============================
1 1 1               
1 1 1 x x 1         
1 1 1 1 1 1 1 1 1   
  1 1 1 1 1 1 1 1 1 
          1 1 9 1 1 
            1 1 1   

Step: 4 >>>   STANDING 5 1
=============================
1 1 1               
1 1 1 1 1 x         
1 1 1 1 1 1 1 1 1   
  1 1 1 1 1 1 1 1 1 
          1 1 9 1 1 
            1 1 1   

Step: 5 >>>   LAYING_Y 5 2
=============================
1 1 1               
1 1 1 1 1 1         
1 1 1 1 1 x 1 1 1   
  1 1 1 1 x 1 1 1 1 
          1 1 9 1 1 
            1 1 1   

Step: 6 >>>   LAYING_Y 6 2
=============================
1 1 1               
1 1 1 1 1 1         
1 1 1 1 1 1 x 1 1   
  1 1 1 1 1 x 1 1 1 
          1 1 9 1 1 
            1 1 1   

Step: 7 >>>   LAYING_Y 7 2
=============================
1 1 1               
1 1 1 1 1 1         
1 1 1 1 1 1 1 x 1   
  1 1 1 1 1 1 x 1 1 
          1 1 9 1 1 
            1 1 1   

Step: 8 >>>   STANDING 7 4
=============================
1 1 1               
1 1 1 1 1 1         
1 1 1 1 1 1 1 1 1   
  1 1 1 1 1 1 1 1 1 
          1 1 x 1 1 
            1 1 1   
COMSUME 8 STEP!!!!
SUCCESS
COMSUME 296 VIRTUAL STEP
