
YOUR MAP LOOK LIKE THIS:
[0, 0, 0, 0, 0, 0, 1, 1, 1, 1, 0, 0, 1, 1, 1]
[1, 1, 1, 1, 0, 0, 1, 1, 3, 1, 0, 0, 1, 9, 1]
[1, 1, 5, 1, 0, 0, 1, 1, 1, 1, 0, 0, 1, 1, 1]
[1, 1, 1, 1, 0, 0, 1, 1, 1, 1, 0, 0, 1, 1, 1]
[1, 1, 1, 1, 0, 0, 1, 1, 1, 1, 0, 0, 1, 1, 1]
[1, 1, 1, 1, 0, 0, 1, 1, 1, 1, 0, 0, 0, 0, 0]
Start at ( 1 , 4 )
ManaBoa:
[2, 2, 2, 4, 4, 4, 5]
[8, 1, 2, 4, 10, 4, 11]
======================================
Solve BFS

THIS IS SUCCESS ROAD
================================

Step: 1 >>>   STANDING 1 4
=============================
            1 1 1 1     1 1 1 
1 1 1 1     1 1 3 1     1 9 1 
1 1 5 1     1 1 1 1     1 1 1 
1 1 1 1     1 1 1 1     1 1 1 
1 x 1 1     1 1 1 1     1 1 1 
1 1 1 1     1 1 1 1           

Step: 2 >>>   LAYING_Y 1 2
=============================
            1 1 1 1     1 1 1 
1 1 1 1     1 1 3 1     1 9 1 
1 x 5 1     1 1 1 1     1 1 1 
1 x 1 1     1 1 1 1     1 1 1 
1 1 1 1     1 1 1 1     1 1 1 
1 1 1 1     1 1 1 1           

Step: 3 >>>   LAYING_Y 2 2
=============================
            1 1 1 1     1 1 1 
1 1 1 1     1 1 3 1     1 9 1 
1 1 x 1     1 1 1 1     1 1 1 
1 1 x 1     1 1 1 1     1 1 1 
1 1 1 1 1 1 1 1 1 1     1 1 1 
1 1 1 1     1 1 1 1           

Step: 4 >>>   STANDING 2 4
=============================
            1 1 1 1     1 1 1 
1 1 1 1     1 1 3 1     1 9 1 
1 1 5 1     1 1 1 1     1 1 1 
1 1 1 1     1 1 1 1     1 1 1 
1 1 x 1 1 1 1 1 1 1     1 1 1 
1 1 1 1     1 1 1 1           

Step: 5 >>>   LAYING_X 3 4
=============================
            1 1 1 1     1 1 1 
1 1 1 1     1 1 3 1     1 9 1 
1 1 5 1     1 1 1 1     1 1 1 
1 1 1 1     1 1 1 1     1 1 1 
1 1 1 x x 1 1 1 1 1     1 1 1 
1 1 1 1     1 1 1 1           

Step: 6 >>>   STANDING 5 4
=============================
            1 1 1 1     1 1 1 
1 1 1 1     1 1 3 1     1 9 1 
1 1 5 1     1 1 1 1     1 1 1 
1 1 1 1     1 1 1 1     1 1 1 
1 1 1 1 1 x 1 1 1 1     1 1 1 
1 1 1 1     1 1 1 1           

Step: 7 >>>   LAYING_X 6 4
=============================
            1 1 1 1     1 1 1 
1 1 1 1     1 1 3 1     1 9 1 
1 1 5 1     1 1 1 1     1 1 1 
1 1 1 1     1 1 1 1     1 1 1 
1 1 1 1 1 1 x x 1 1     1 1 1 
1 1 1 1     1 1 1 1           

Step: 8 >>>   STANDING 8 4
=============================
            1 1 1 1     1 1 1 
1 1 1 1     1 1 3 1     1 9 1 
1 1 5 1     1 1 1 1     1 1 1 
1 1 1 1     1 1 1 1     1 1 1 
1 1 1 1 1 1 1 1 x 1     1 1 1 
1 1 1 1     1 1 1 1           

Step: 9 >>>   LAYING_Y 8 2
=============================
            1 1 1 1     1 1 1 
1 1 1 1     1 1 3 1     1 9 1 
1 1 5 1     1 1 x 1     1 1 1 
1 1 1 1     1 1 x 1     1 1 1 
1 1 1 1 1 1 1 1 1 1     1 1 1 
1 1 1 1     1 1 1 1           

Step: 10 >>>   STANDING 8 1
=============================
            1 1 1 1     1 1 1 
1 1 1 1     1 1 x 1     1 9 1 
1 1 5 1     1 1 1 1     1 1 1 
1 1 1 1     1 1 1 1     1 1 1 
1 1 1 1 1 1 1 1 1 1 1 1 1 1 1 
1 1 1 1     1 1 1 1           

Step: 11 >>>   LAYING_Y 8 2
=============================
            1 1 1 1     1 1 1 
1 1 1 1     1 1 3 1     1 9 1 
1 1 5 1     1 1 x 1     1 1 1 
1 1 1 1     1 1 x 1     1 1 1 
1 1 1 1 1 1 1 1 1 1 1 1 1 1 1 
1 1 1 1     1 1 1 1           

Step: 12 >>>   LAYING_Y 9 2
=============================
            1 1 1 1     1 1 1 
1 1 1 1     1 1 3 1     1 9 1 
1 1 5 1     1 1 1 x     1 1 1 
1 1 1 1     1 1 1 x     1 1 1 
1 1 1 1 1 1 1 1 1 1 1 1 1 1 1 
1 1 1 1     1 1 1 1           

Step: 13 >>>   STANDING 9 4
=============================
            1 1 1 1     1 1 1 
1 1 1 1     1 1 3 1     1 9 1 
1 1 5 1     1 1 1 1     1 1 1 
1 1 1 1     1 1 1 1     1 1 1 
1 1 1 1 1 1 1 1 1 x 1 1 1 1 1 
1 1 1 1     1 1 1 1           

Step: 14 >>>   LAYING_X 10 4
=============================
            1 1 1 1     1 1 1 
1 1 1 1     1 1 3 1     1 9 1 
1 1 5 1     1 1 1 1     1 1 1 
1 1 1 1     1 1 1 1     1 1 1 
1 1 1 1 1 1 1 1 1 1 x x 1 1 1 
1 1 1 1     1 1 1 1           

Step: 15 >>>   STANDING 12 4
=============================
            1 1 1 1     1 1 1 
1 1 1 1     1 1 3 1     1 9 1 
1 1 5 1     1 1 1 1     1 1 1 
1 1 1 1     1 1 1 1     1 1 1 
1 1 1 1 1 1 1 1 1 1 1 1 x 1 1 
1 1 1 1     1 1 1 1           

Step: 16 >>>   LAYING_Y 12 2
=============================
            1 1 1 1     1 1 1 
1 1 1 1     1 1 3 1     1 9 1 
1 1 5 1     1 1 1 1     x 1 1 
1 1 1 1     1 1 1 1     x 1 1 
1 1 1 1 1 1 1 1 1 1 1 1 1 1 1 
1 1 1 1     1 1 1 1           

Step: 17 >>>   LAYING_Y 13 2
=============================
            1 1 1 1     1 1 1 
1 1 1 1     1 1 3 1     1 9 1 
1 1 5 1     1 1 1 1     1 x 1 
1 1 1 1     1 1 1 1     1 x 1 
1 1 1 1 1 1 1 1 1 1 1 1 1 1 1 
1 1 1 1     1 1 1 1           

Step: 18 >>>   STANDING 13 1
=============================
            1 1 1 1     1 1 1 
1 1 1 1     1 1 3 1     1 x 1 
1 1 5 1     1 1 1 1     1 1 1 
1 1 1 1     1 1 1 1     1 1 1 
1 1 1 1 1 1 1 1 1 1 1 1 1 1 1 
1 1 1 1     1 1 1 1           
COMSUME 18 STEP!!!!
SUCCESS
COMSUME 1060 VIRTUAL STEP
