
YOUR MAP LOOK LIKE THIS:
[0, 0, 0, 0, 0, 0, 1, 1, 1, 1, 1, 1, 1, 0, 0]
[1, 1, 1, 1, 0, 0, 1, 1, 1, 0, 0, 1, 1, 0, 0]
[1, 1, 1, 1, 1, 1, 1, 1, 1, 0, 0, 1, 1, 1, 1]
[1, 1, 1, 1, 0, 0, 0, 0, 0, 0, 0, 1, 1, 9, 1]
[1, 1, 1, 1, 0, 0, 0, 0, 0, 0, 0, 1, 1, 1, 1]
[1, 1, 1, 1, 0, 0, 0, 0, 0, 0, 0, 0, 1, 1, 1]
Start at ( 4 , 2 )
ManaBoa:
======================================
Solve BFS

THIS IS SUCCESS ROAD
================================

Step: 1 >>>   STANDING 4 2
=============================
            1 1 1 1 1 1 1     
1 1 1 1     1 1 1     1 1     
1 1 1 1 x 1 1 1 1     1 1 1 1 
1 1 1 1               1 1 9 1 
1 1 1 1               1 1 1 1 
1 1 1 1                 1 1 1 

Step: 2 >>>   LAYING_X 5 2
=============================
            1 1 1 1 1 1 1     
1 1 1 1     1 1 1     1 1     
1 1 1 1 1 x x 1 1     1 1 1 1 
1 1 1 1               1 1 9 1 
1 1 1 1               1 1 1 1 
1 1 1 1                 1 1 1 

Step: 3 >>>   STANDING 7 2
=============================
            1 1 1 1 1 1 1     
1 1 1 1     1 1 1     1 1     
1 1 1 1 1 1 1 x 1     1 1 1 1 
1 1 1 1               1 1 9 1 
1 1 1 1               1 1 1 1 
1 1 1 1                 1 1 1 

Step: 4 >>>   LAYING_Y 7 0
=============================
            1 x 1 1 1 1 1     
1 1 1 1     1 x 1     1 1     
1 1 1 1 1 1 1 1 1     1 1 1 1 
1 1 1 1               1 1 9 1 
1 1 1 1               1 1 1 1 
1 1 1 1                 1 1 1 

Step: 5 >>>   LAYING_Y 6 0
=============================
            x 1 1 1 1 1 1     
1 1 1 1     x 1 1     1 1     
1 1 1 1 1 1 1 1 1     1 1 1 1 
1 1 1 1               1 1 9 1 
1 1 1 1               1 1 1 1 
1 1 1 1                 1 1 1 

Step: 6 >>>   STANDING 6 2
=============================
            1 1 1 1 1 1 1     
1 1 1 1     1 1 1     1 1     
1 1 1 1 1 1 x 1 1     1 1 1 1 
1 1 1 1               1 1 9 1 
1 1 1 1               1 1 1 1 
1 1 1 1                 1 1 1 

Step: 7 >>>   LAYING_X 7 2
=============================
            1 1 1 1 1 1 1     
1 1 1 1     1 1 1     1 1     
1 1 1 1 1 1 1 x x     1 1 1 1 
1 1 1 1               1 1 9 1 
1 1 1 1               1 1 1 1 
1 1 1 1                 1 1 1 

Step: 8 >>>   LAYING_X 7 1
=============================
            1 1 1 1 1 1 1     
1 1 1 1     1 x x     1 1     
1 1 1 1 1 1 1 1 1     1 1 1 1 
1 1 1 1               1 1 9 1 
1 1 1 1               1 1 1 1 
1 1 1 1                 1 1 1 

Step: 9 >>>   LAYING_X 7 0
=============================
            1 x x 1 1 1 1     
1 1 1 1     1 1 1     1 1     
1 1 1 1 1 1 1 1 1     1 1 1 1 
1 1 1 1               1 1 9 1 
1 1 1 1               1 1 1 1 
1 1 1 1                 1 1 1 

Step: 10 >>>   STANDING 9 0
=============================
            1 1 1 x 1 1 1     
1 1 1 1     1 1 1     1 1     
1 1 1 1 1 1 1 1 1     1 1 1 1 
1 1 1 1               1 1 9 1 
1 1 1 1               1 1 1 1 
1 1 1 1                 1 1 1 

Step: 11 >>>   LAYING_X 10 0
=============================
            1 1 1 1 x x 1     
1 1 1 1     1 1 1     1 1     
1 1 1 1 1 1 1 1 1     1 1 1 1 
1 1 1 1               1 1 9 1 
1 1 1 1               1 1 1 1 
1 1 1 1                 1 1 1 

Step: 12 >>>   STANDING 12 0
=============================
            1 1 1 1 1 1 x     
1 1 1 1     1 1 1     1 1     
1 1 1 1 1 1 1 1 1     1 1 1 1 
1 1 1 1               1 1 9 1 
1 1 1 1               1 1 1 1 
1 1 1 1                 1 1 1 

Step: 13 >>>   LAYING_Y 12 1
=============================
            1 1 1 1 1 1 1     
1 1 1 1     1 1 1     1 x     
1 1 1 1 1 1 1 1 1     1 x 1 1 
1 1 1 1               1 1 9 1 
1 1 1 1               1 1 1 1 
1 1 1 1                 1 1 1 

Step: 14 >>>   STANDING 12 3
=============================
            1 1 1 1 1 1 1     
1 1 1 1     1 1 1     1 1     
1 1 1 1 1 1 1 1 1     1 1 1 1 
1 1 1 1               1 x 9 1 
1 1 1 1               1 1 1 1 
1 1 1 1                 1 1 1 

Step: 15 >>>   LAYING_Y 12 4
=============================
            1 1 1 1 1 1 1     
1 1 1 1     1 1 1     1 1     
1 1 1 1 1 1 1 1 1     1 1 1 1 
1 1 1 1               1 1 9 1 
1 1 1 1               1 x 1 1 
1 1 1 1                 x 1 1 

Step: 16 >>>   LAYING_Y 13 4
=============================
            1 1 1 1 1 1 1     
1 1 1 1     1 1 1     1 1     
1 1 1 1 1 1 1 1 1     1 1 1 1 
1 1 1 1               1 1 9 1 
1 1 1 1               1 1 x 1 
1 1 1 1                 1 x 1 

Step: 17 >>>   STANDING 13 3
=============================
            1 1 1 1 1 1 1     
1 1 1 1     1 1 1     1 1     
1 1 1 1 1 1 1 1 1     1 1 1 1 
1 1 1 1               1 1 x 1 
1 1 1 1               1 1 1 1 
1 1 1 1                 1 1 1 
COMSUME 17 STEP!!!!
SUCCESS
COMSUME 428 VIRTUAL STEP
