
YOUR MAP LOOK LIKE THIS:
[1, 1, 1, 0, 0, 0, 0, 0, 0, 0]
[1, 1, 1, 1, 1, 1, 0, 0, 0, 0]
[1, 1, 1, 1, 1, 1, 1, 1, 1, 0]
[0, 1, 1, 1, 1, 1, 1, 1, 1, 1]
[0, 0, 0, 0, 0, 1, 1, 9, 1, 1]
[0, 0, 0, 0, 0, 0, 1, 1, 1, 0]
Start at ( 2 , 2 )
ManaBoa:
======================================
Solve DFS

THIS IS SUCCESS ROAD
================================

Step: 1 >>>   STANDING 2 2
=============================
1 1 1               
1 1 1 1 1 1         
1 1 x 1 1 1 1 1 1   
  1 1 1 1 1 1 1 1 1 
          1 1 9 1 1 
            1 1 1   

Step: 2 >>>   LAYING_X 0 2
=============================
1 1 1               
1 1 1 1 1 1         
x x 1 1 1 1 1 1 1   
  1 1 1 1 1 1 1 1 1 
          1 1 9 1 1 
            1 1 1   

Step: 3 >>>   LAYING_X 0 1
=============================
1 1 1               
x x 1 1 1 1         
1 1 1 1 1 1 1 1 1   
  1 1 1 1 1 1 1 1 1 
          1 1 9 1 1 
            1 1 1   

Step: 4 >>>   STANDING 2 1
=============================
1 1 1               
1 1 x 1 1 1         
1 1 1 1 1 1 1 1 1   
  1 1 1 1 1 1 1 1 1 
          1 1 9 1 1 
            1 1 1   

Step: 5 >>>   LAYING_Y 2 2
=============================
1 1 1               
1 1 1 1 1 1         
1 1 x 1 1 1 1 1 1   
  1 x 1 1 1 1 1 1 1 
          1 1 9 1 1 
            1 1 1   

Step: 6 >>>   LAYING_Y 1 2
=============================
1 1 1               
1 1 1 1 1 1         
1 x 1 1 1 1 1 1 1   
  x 1 1 1 1 1 1 1 1 
          1 1 9 1 1 
            1 1 1   

Step: 7 >>>   STANDING 1 1
=============================
1 1 1               
1 x 1 1 1 1         
1 1 1 1 1 1 1 1 1   
  1 1 1 1 1 1 1 1 1 
          1 1 9 1 1 
            1 1 1   

Step: 8 >>>   LAYING_X 2 1
=============================
1 1 1               
1 1 x x 1 1         
1 1 1 1 1 1 1 1 1   
  1 1 1 1 1 1 1 1 1 
          1 1 9 1 1 
            1 1 1   

Step: 9 >>>   LAYING_X 2 2
=============================
1 1 1               
1 1 1 1 1 1         
1 1 x x 1 1 1 1 1   
  1 1 1 1 1 1 1 1 1 
          1 1 9 1 1 
            1 1 1   

Step: 10 >>>   STANDING 1 2
=============================
1 1 1               
1 1 1 1 1 1         
1 x 1 1 1 1 1 1 1   
  1 1 1 1 1 1 1 1 1 
          1 1 9 1 1 
            1 1 1   

Step: 11 >>>   LAYING_Y 1 0
=============================
1 x 1               
1 x 1 1 1 1         
1 1 1 1 1 1 1 1 1   
  1 1 1 1 1 1 1 1 1 
          1 1 9 1 1 
            1 1 1   

Step: 12 >>>   LAYING_Y 0 0
=============================
x 1 1               
x 1 1 1 1 1         
1 1 1 1 1 1 1 1 1   
  1 1 1 1 1 1 1 1 1 
          1 1 9 1 1 
            1 1 1   

Step: 13 >>>   STANDING 0 2
=============================
1 1 1               
1 1 1 1 1 1         
x 1 1 1 1 1 1 1 1   
  1 1 1 1 1 1 1 1 1 
          1 1 9 1 1 
            1 1 1   

Step: 14 >>>   LAYING_X 1 2
=============================
1 1 1               
1 1 1 1 1 1         
1 x x 1 1 1 1 1 1   
  1 1 1 1 1 1 1 1 1 
          1 1 9 1 1 
            1 1 1   

Step: 15 >>>   LAYING_X 1 3
=============================
1 1 1               
1 1 1 1 1 1         
1 1 1 1 1 1 1 1 1   
  x x 1 1 1 1 1 1 1 
          1 1 9 1 1 
            1 1 1   

Step: 16 >>>   STANDING 3 3
=============================
1 1 1               
1 1 1 1 1 1         
1 1 1 1 1 1 1 1 1   
  1 1 x 1 1 1 1 1 1 
          1 1 9 1 1 
            1 1 1   

Step: 17 >>>   LAYING_X 4 3
=============================
1 1 1               
1 1 1 1 1 1         
1 1 1 1 1 1 1 1 1   
  1 1 1 x x 1 1 1 1 
          1 1 9 1 1 
            1 1 1   

Step: 18 >>>   STANDING 6 3
=============================
1 1 1               
1 1 1 1 1 1         
1 1 1 1 1 1 1 1 1   
  1 1 1 1 1 x 1 1 1 
          1 1 9 1 1 
            1 1 1   

Step: 19 >>>   LAYING_Y 6 4
=============================
1 1 1               
1 1 1 1 1 1         
1 1 1 1 1 1 1 1 1   
  1 1 1 1 1 1 1 1 1 
          1 x 9 1 1 
            x 1 1   

Step: 20 >>>   LAYING_Y 7 4
=============================
1 1 1               
1 1 1 1 1 1         
1 1 1 1 1 1 1 1 1   
  1 1 1 1 1 1 1 1 1 
          1 1 x 1 1 
            1 x 1   

Step: 21 >>>   LAYING_Y 8 4
=============================
1 1 1               
1 1 1 1 1 1         
1 1 1 1 1 1 1 1 1   
  1 1 1 1 1 1 1 1 1 
          1 1 9 x 1 
            1 1 x   

Step: 22 >>>   STANDING 8 3
=============================
1 1 1               
1 1 1 1 1 1         
1 1 1 1 1 1 1 1 1   
  1 1 1 1 1 1 1 x 1 
          1 1 9 1 1 
            1 1 1   

Step: 23 >>>   LAYING_X 6 3
=============================
1 1 1               
1 1 1 1 1 1         
1 1 1 1 1 1 1 1 1   
  1 1 1 1 1 x x 1 1 
          1 1 9 1 1 
            1 1 1   

Step: 24 >>>   STANDING 5 3
=============================
1 1 1               
1 1 1 1 1 1         
1 1 1 1 1 1 1 1 1   
  1 1 1 1 x 1 1 1 1 
          1 1 9 1 1 
            1 1 1   

Step: 25 >>>   LAYING_Y 5 1
=============================
1 1 1               
1 1 1 1 1 x         
1 1 1 1 1 x 1 1 1   
  1 1 1 1 1 1 1 1 1 
          1 1 9 1 1 
            1 1 1   

Step: 26 >>>   LAYING_Y 4 1
=============================
1 1 1               
1 1 1 1 x 1         
1 1 1 1 x 1 1 1 1   
  1 1 1 1 1 1 1 1 1 
          1 1 9 1 1 
            1 1 1   

Step: 27 >>>   STANDING 4 3
=============================
1 1 1               
1 1 1 1 1 1         
1 1 1 1 1 1 1 1 1   
  1 1 1 x 1 1 1 1 1 
          1 1 9 1 1 
            1 1 1   

Step: 28 >>>   LAYING_X 5 3
=============================
1 1 1               
1 1 1 1 1 1         
1 1 1 1 1 1 1 1 1   
  1 1 1 1 x x 1 1 1 
          1 1 9 1 1 
            1 1 1   

Step: 29 >>>   LAYING_X 5 4
=============================
1 1 1               
1 1 1 1 1 1         
1 1 1 1 1 1 1 1 1   
  1 1 1 1 1 1 1 1 1 
          x x 9 1 1 
            1 1 1   

Step: 30 >>>   STANDING 7 4
=============================
1 1 1               
1 1 1 1 1 1         
1 1 1 1 1 1 1 1 1   
  1 1 1 1 1 1 1 1 1 
          1 1 x 1 1 
            1 1 1   
COMSUME 30 STEP!!!!
COMSUME 156 VIRTUAL STEP
SUCCESS
