
YOUR MAP LOOK LIKE THIS:
[0, 0, 0, 0, 0, 0, 1, 1, 1, 1, 0, 0, 1, 1, 1]
[1, 1, 1, 1, 0, 0, 1, 1, 3, 1, 0, 0, 1, 9, 1]
[1, 1, 5, 1, 0, 0, 1, 1, 1, 1, 0, 0, 1, 1, 1]
[1, 1, 1, 1, 0, 0, 1, 1, 1, 1, 0, 0, 1, 1, 1]
[1, 1, 1, 1, 0, 0, 1, 1, 1, 1, 0, 0, 1, 1, 1]
[1, 1, 1, 1, 0, 0, 1, 1, 1, 1, 0, 0, 0, 0, 0]
Start at ( 1 , 4 )
ManaBoa:
[2, 2, 2, 4, 4, 4, 5]
[8, 1, 2, 4, 10, 4, 11]
======================================
Solve DFS

THIS IS SUCCESS ROAD
================================

Step: 1 >>>   STANDING 1 4
=============================
            1 1 1 1     1 1 1 
1 1 1 1     1 1 3 1     1 9 1 
1 1 5 1     1 1 1 1     1 1 1 
1 1 1 1     1 1 1 1     1 1 1 
1 x 1 1     1 1 1 1     1 1 1 
1 1 1 1     1 1 1 1           

Step: 2 >>>   LAYING_X 2 4
=============================
            1 1 1 1     1 1 1 
1 1 1 1     1 1 3 1     1 9 1 
1 1 5 1     1 1 1 1     1 1 1 
1 1 1 1     1 1 1 1     1 1 1 
1 1 x x     1 1 1 1     1 1 1 
1 1 1 1     1 1 1 1           

Step: 3 >>>   LAYING_X 2 5
=============================
            1 1 1 1     1 1 1 
1 1 1 1     1 1 3 1     1 9 1 
1 1 5 1     1 1 1 1     1 1 1 
1 1 1 1     1 1 1 1     1 1 1 
1 1 1 1     1 1 1 1     1 1 1 
1 1 x x     1 1 1 1           

Step: 4 >>>   STANDING 1 5
=============================
            1 1 1 1     1 1 1 
1 1 1 1     1 1 3 1     1 9 1 
1 1 5 1     1 1 1 1     1 1 1 
1 1 1 1     1 1 1 1     1 1 1 
1 1 1 1     1 1 1 1     1 1 1 
1 x 1 1     1 1 1 1           

Step: 5 >>>   LAYING_Y 1 3
=============================
            1 1 1 1     1 1 1 
1 1 1 1     1 1 3 1     1 9 1 
1 1 5 1     1 1 1 1     1 1 1 
1 x 1 1     1 1 1 1     1 1 1 
1 x 1 1     1 1 1 1     1 1 1 
1 1 1 1     1 1 1 1           

Step: 6 >>>   LAYING_Y 0 3
=============================
            1 1 1 1     1 1 1 
1 1 1 1     1 1 3 1     1 9 1 
1 1 5 1     1 1 1 1     1 1 1 
x 1 1 1     1 1 1 1     1 1 1 
x 1 1 1     1 1 1 1     1 1 1 
1 1 1 1     1 1 1 1           

Step: 7 >>>   STANDING 0 5
=============================
            1 1 1 1     1 1 1 
1 1 1 1     1 1 3 1     1 9 1 
1 1 5 1     1 1 1 1     1 1 1 
1 1 1 1     1 1 1 1     1 1 1 
1 1 1 1     1 1 1 1     1 1 1 
x 1 1 1     1 1 1 1           

Step: 8 >>>   LAYING_X 1 5
=============================
            1 1 1 1     1 1 1 
1 1 1 1     1 1 3 1     1 9 1 
1 1 5 1     1 1 1 1     1 1 1 
1 1 1 1     1 1 1 1     1 1 1 
1 1 1 1     1 1 1 1     1 1 1 
1 x x 1     1 1 1 1           

Step: 9 >>>   STANDING 3 5
=============================
            1 1 1 1     1 1 1 
1 1 1 1     1 1 3 1     1 9 1 
1 1 5 1     1 1 1 1     1 1 1 
1 1 1 1     1 1 1 1     1 1 1 
1 1 1 1     1 1 1 1     1 1 1 
1 1 1 x     1 1 1 1           

Step: 10 >>>   LAYING_Y 3 3
=============================
            1 1 1 1     1 1 1 
1 1 1 1     1 1 3 1     1 9 1 
1 1 5 1     1 1 1 1     1 1 1 
1 1 1 x     1 1 1 1     1 1 1 
1 1 1 x     1 1 1 1     1 1 1 
1 1 1 1     1 1 1 1           

Step: 11 >>>   STANDING 3 2
=============================
            1 1 1 1     1 1 1 
1 1 1 1     1 1 3 1     1 9 1 
1 1 5 x     1 1 1 1     1 1 1 
1 1 1 1     1 1 1 1     1 1 1 
1 1 1 1     1 1 1 1     1 1 1 
1 1 1 1     1 1 1 1           

Step: 12 >>>   LAYING_X 1 2
=============================
            1 1 1 1     1 1 1 
1 1 1 1     1 1 3 1     1 9 1 
1 x x 1     1 1 1 1     1 1 1 
1 1 1 1     1 1 1 1     1 1 1 
1 1 1 1 1 1 1 1 1 1     1 1 1 
1 1 1 1     1 1 1 1           

Step: 13 >>>   STANDING 0 2
=============================
            1 1 1 1     1 1 1 
1 1 1 1     1 1 3 1     1 9 1 
x 1 5 1     1 1 1 1     1 1 1 
1 1 1 1     1 1 1 1     1 1 1 
1 1 1 1 1 1 1 1 1 1     1 1 1 
1 1 1 1     1 1 1 1           

Step: 14 >>>   LAYING_Y 0 3
=============================
            1 1 1 1     1 1 1 
1 1 1 1     1 1 3 1     1 9 1 
1 1 5 1     1 1 1 1     1 1 1 
x 1 1 1     1 1 1 1     1 1 1 
x 1 1 1 1 1 1 1 1 1     1 1 1 
1 1 1 1     1 1 1 1           

Step: 15 >>>   STANDING 0 5
=============================
            1 1 1 1     1 1 1 
1 1 1 1     1 1 3 1     1 9 1 
1 1 5 1     1 1 1 1     1 1 1 
1 1 1 1     1 1 1 1     1 1 1 
1 1 1 1 1 1 1 1 1 1     1 1 1 
x 1 1 1     1 1 1 1           

Step: 16 >>>   LAYING_X 1 5
=============================
            1 1 1 1     1 1 1 
1 1 1 1     1 1 3 1     1 9 1 
1 1 5 1     1 1 1 1     1 1 1 
1 1 1 1     1 1 1 1     1 1 1 
1 1 1 1 1 1 1 1 1 1     1 1 1 
1 x x 1     1 1 1 1           

Step: 17 >>>   STANDING 3 5
=============================
            1 1 1 1     1 1 1 
1 1 1 1     1 1 3 1     1 9 1 
1 1 5 1     1 1 1 1     1 1 1 
1 1 1 1     1 1 1 1     1 1 1 
1 1 1 1 1 1 1 1 1 1     1 1 1 
1 1 1 x     1 1 1 1           

Step: 18 >>>   LAYING_Y 3 3
=============================
            1 1 1 1     1 1 1 
1 1 1 1     1 1 3 1     1 9 1 
1 1 5 1     1 1 1 1     1 1 1 
1 1 1 x     1 1 1 1     1 1 1 
1 1 1 x 1 1 1 1 1 1     1 1 1 
1 1 1 1     1 1 1 1           

Step: 19 >>>   LAYING_Y 2 3
=============================
            1 1 1 1     1 1 1 
1 1 1 1     1 1 3 1     1 9 1 
1 1 5 1     1 1 1 1     1 1 1 
1 1 x 1     1 1 1 1     1 1 1 
1 1 x 1 1 1 1 1 1 1     1 1 1 
1 1 1 1     1 1 1 1           

Step: 20 >>>   STANDING 2 5
=============================
            1 1 1 1     1 1 1 
1 1 1 1     1 1 3 1     1 9 1 
1 1 5 1     1 1 1 1     1 1 1 
1 1 1 1     1 1 1 1     1 1 1 
1 1 1 1 1 1 1 1 1 1     1 1 1 
1 1 x 1     1 1 1 1           

Step: 21 >>>   LAYING_X 0 5
=============================
            1 1 1 1     1 1 1 
1 1 1 1     1 1 3 1     1 9 1 
1 1 5 1     1 1 1 1     1 1 1 
1 1 1 1     1 1 1 1     1 1 1 
1 1 1 1 1 1 1 1 1 1     1 1 1 
x x 1 1     1 1 1 1           

Step: 22 >>>   LAYING_X 0 4
=============================
            1 1 1 1     1 1 1 
1 1 1 1     1 1 3 1     1 9 1 
1 1 5 1     1 1 1 1     1 1 1 
1 1 1 1     1 1 1 1     1 1 1 
x x 1 1 1 1 1 1 1 1     1 1 1 
1 1 1 1     1 1 1 1           

Step: 23 >>>   STANDING 2 4
=============================
            1 1 1 1     1 1 1 
1 1 1 1     1 1 3 1     1 9 1 
1 1 5 1     1 1 1 1     1 1 1 
1 1 1 1     1 1 1 1     1 1 1 
1 1 x 1 1 1 1 1 1 1     1 1 1 
1 1 1 1     1 1 1 1           

Step: 24 >>>   LAYING_X 3 4
=============================
            1 1 1 1     1 1 1 
1 1 1 1     1 1 3 1     1 9 1 
1 1 5 1     1 1 1 1     1 1 1 
1 1 1 1     1 1 1 1     1 1 1 
1 1 1 x x 1 1 1 1 1     1 1 1 
1 1 1 1     1 1 1 1           

Step: 25 >>>   STANDING 5 4
=============================
            1 1 1 1     1 1 1 
1 1 1 1     1 1 3 1     1 9 1 
1 1 5 1     1 1 1 1     1 1 1 
1 1 1 1     1 1 1 1     1 1 1 
1 1 1 1 1 x 1 1 1 1     1 1 1 
1 1 1 1     1 1 1 1           

Step: 26 >>>   LAYING_X 6 4
=============================
            1 1 1 1     1 1 1 
1 1 1 1     1 1 3 1     1 9 1 
1 1 5 1     1 1 1 1     1 1 1 
1 1 1 1     1 1 1 1     1 1 1 
1 1 1 1 1 1 x x 1 1     1 1 1 
1 1 1 1     1 1 1 1           

Step: 27 >>>   LAYING_X 6 5
=============================
            1 1 1 1     1 1 1 
1 1 1 1     1 1 3 1     1 9 1 
1 1 5 1     1 1 1 1     1 1 1 
1 1 1 1     1 1 1 1     1 1 1 
1 1 1 1 1 1 1 1 1 1     1 1 1 
1 1 1 1     x x 1 1           

Step: 28 >>>   STANDING 8 5
=============================
            1 1 1 1     1 1 1 
1 1 1 1     1 1 3 1     1 9 1 
1 1 5 1     1 1 1 1     1 1 1 
1 1 1 1     1 1 1 1     1 1 1 
1 1 1 1 1 1 1 1 1 1     1 1 1 
1 1 1 1     1 1 x 1           

Step: 29 >>>   LAYING_Y 8 3
=============================
            1 1 1 1     1 1 1 
1 1 1 1     1 1 3 1     1 9 1 
1 1 5 1     1 1 1 1     1 1 1 
1 1 1 1     1 1 x 1     1 1 1 
1 1 1 1 1 1 1 1 x 1     1 1 1 
1 1 1 1     1 1 1 1           

Step: 30 >>>   LAYING_Y 7 3
=============================
            1 1 1 1     1 1 1 
1 1 1 1     1 1 3 1     1 9 1 
1 1 5 1     1 1 1 1     1 1 1 
1 1 1 1     1 x 1 1     1 1 1 
1 1 1 1 1 1 1 x 1 1     1 1 1 
1 1 1 1     1 1 1 1           

Step: 31 >>>   LAYING_Y 6 3
=============================
            1 1 1 1     1 1 1 
1 1 1 1     1 1 3 1     1 9 1 
1 1 5 1     1 1 1 1     1 1 1 
1 1 1 1     x 1 1 1     1 1 1 
1 1 1 1 1 1 x 1 1 1     1 1 1 
1 1 1 1     1 1 1 1           

Step: 32 >>>   STANDING 6 5
=============================
            1 1 1 1     1 1 1 
1 1 1 1     1 1 3 1     1 9 1 
1 1 5 1     1 1 1 1     1 1 1 
1 1 1 1     1 1 1 1     1 1 1 
1 1 1 1 1 1 1 1 1 1     1 1 1 
1 1 1 1     x 1 1 1           

Step: 33 >>>   LAYING_X 7 5
=============================
            1 1 1 1     1 1 1 
1 1 1 1     1 1 3 1     1 9 1 
1 1 5 1     1 1 1 1     1 1 1 
1 1 1 1     1 1 1 1     1 1 1 
1 1 1 1 1 1 1 1 1 1     1 1 1 
1 1 1 1     1 x x 1           

Step: 34 >>>   LAYING_X 7 4
=============================
            1 1 1 1     1 1 1 
1 1 1 1     1 1 3 1     1 9 1 
1 1 5 1     1 1 1 1     1 1 1 
1 1 1 1     1 1 1 1     1 1 1 
1 1 1 1 1 1 1 x x 1     1 1 1 
1 1 1 1     1 1 1 1           

Step: 35 >>>   STANDING 6 4
=============================
            1 1 1 1     1 1 1 
1 1 1 1     1 1 3 1     1 9 1 
1 1 5 1     1 1 1 1     1 1 1 
1 1 1 1     1 1 1 1     1 1 1 
1 1 1 1 1 1 x 1 1 1     1 1 1 
1 1 1 1     1 1 1 1           

Step: 36 >>>   LAYING_Y 6 2
=============================
            1 1 1 1     1 1 1 
1 1 1 1     1 1 3 1     1 9 1 
1 1 5 1     x 1 1 1     1 1 1 
1 1 1 1     x 1 1 1     1 1 1 
1 1 1 1 1 1 1 1 1 1     1 1 1 
1 1 1 1     1 1 1 1           

Step: 37 >>>   LAYING_Y 7 2
=============================
            1 1 1 1     1 1 1 
1 1 1 1     1 1 3 1     1 9 1 
1 1 5 1     1 x 1 1     1 1 1 
1 1 1 1     1 x 1 1     1 1 1 
1 1 1 1 1 1 1 1 1 1     1 1 1 
1 1 1 1     1 1 1 1           

Step: 38 >>>   STANDING 7 4
=============================
            1 1 1 1     1 1 1 
1 1 1 1     1 1 3 1     1 9 1 
1 1 5 1     1 1 1 1     1 1 1 
1 1 1 1     1 1 1 1     1 1 1 
1 1 1 1 1 1 1 x 1 1     1 1 1 
1 1 1 1     1 1 1 1           

Step: 39 >>>   LAYING_X 8 4
=============================
            1 1 1 1     1 1 1 
1 1 1 1     1 1 3 1     1 9 1 
1 1 5 1     1 1 1 1     1 1 1 
1 1 1 1     1 1 1 1     1 1 1 
1 1 1 1 1 1 1 1 x x     1 1 1 
1 1 1 1     1 1 1 1           

Step: 40 >>>   LAYING_X 8 3
=============================
            1 1 1 1     1 1 1 
1 1 1 1     1 1 3 1     1 9 1 
1 1 5 1     1 1 1 1     1 1 1 
1 1 1 1     1 1 x x     1 1 1 
1 1 1 1 1 1 1 1 1 1     1 1 1 
1 1 1 1     1 1 1 1           

Step: 41 >>>   STANDING 7 3
=============================
            1 1 1 1     1 1 1 
1 1 1 1     1 1 3 1     1 9 1 
1 1 5 1     1 1 1 1     1 1 1 
1 1 1 1     1 x 1 1     1 1 1 
1 1 1 1 1 1 1 1 1 1     1 1 1 
1 1 1 1     1 1 1 1           

Step: 42 >>>   LAYING_Y 7 4
=============================
            1 1 1 1     1 1 1 
1 1 1 1     1 1 3 1     1 9 1 
1 1 5 1     1 1 1 1     1 1 1 
1 1 1 1     1 1 1 1     1 1 1 
1 1 1 1 1 1 1 x 1 1     1 1 1 
1 1 1 1     1 x 1 1           

Step: 43 >>>   LAYING_Y 6 4
=============================
            1 1 1 1     1 1 1 
1 1 1 1     1 1 3 1     1 9 1 
1 1 5 1     1 1 1 1     1 1 1 
1 1 1 1     1 1 1 1     1 1 1 
1 1 1 1 1 1 x 1 1 1     1 1 1 
1 1 1 1     x 1 1 1           

Step: 44 >>>   STANDING 6 3
=============================
            1 1 1 1     1 1 1 
1 1 1 1     1 1 3 1     1 9 1 
1 1 5 1     1 1 1 1     1 1 1 
1 1 1 1     x 1 1 1     1 1 1 
1 1 1 1 1 1 1 1 1 1     1 1 1 
1 1 1 1     1 1 1 1           

Step: 45 >>>   LAYING_Y 6 1
=============================
            1 1 1 1     1 1 1 
1 1 1 1     x 1 3 1     1 9 1 
1 1 5 1     x 1 1 1     1 1 1 
1 1 1 1     1 1 1 1     1 1 1 
1 1 1 1 1 1 1 1 1 1     1 1 1 
1 1 1 1     1 1 1 1           

Step: 46 >>>   STANDING 6 0
=============================
            x 1 1 1     1 1 1 
1 1 1 1     1 1 3 1     1 9 1 
1 1 5 1     1 1 1 1     1 1 1 
1 1 1 1     1 1 1 1     1 1 1 
1 1 1 1 1 1 1 1 1 1     1 1 1 
1 1 1 1     1 1 1 1           

Step: 47 >>>   LAYING_X 7 0
=============================
            1 x x 1     1 1 1 
1 1 1 1     1 1 3 1     1 9 1 
1 1 5 1     1 1 1 1     1 1 1 
1 1 1 1     1 1 1 1     1 1 1 
1 1 1 1 1 1 1 1 1 1     1 1 1 
1 1 1 1     1 1 1 1           

Step: 48 >>>   STANDING 9 0
=============================
            1 1 1 x     1 1 1 
1 1 1 1     1 1 3 1     1 9 1 
1 1 5 1     1 1 1 1     1 1 1 
1 1 1 1     1 1 1 1     1 1 1 
1 1 1 1 1 1 1 1 1 1     1 1 1 
1 1 1 1     1 1 1 1           

Step: 49 >>>   LAYING_Y 9 1
=============================
            1 1 1 1     1 1 1 
1 1 1 1     1 1 3 x     1 9 1 
1 1 5 1     1 1 1 x     1 1 1 
1 1 1 1     1 1 1 1     1 1 1 
1 1 1 1 1 1 1 1 1 1     1 1 1 
1 1 1 1     1 1 1 1           

Step: 50 >>>   LAYING_Y 8 1
=============================
            1 1 1 1     1 1 1 
1 1 1 1     1 1 x 1     1 9 1 
1 1 5 1     1 1 x 1     1 1 1 
1 1 1 1     1 1 1 1     1 1 1 
1 1 1 1 1 1 1 1 1 1     1 1 1 
1 1 1 1     1 1 1 1           

Step: 51 >>>   STANDING 8 0
=============================
            1 1 x 1     1 1 1 
1 1 1 1     1 1 3 1     1 9 1 
1 1 5 1     1 1 1 1     1 1 1 
1 1 1 1     1 1 1 1     1 1 1 
1 1 1 1 1 1 1 1 1 1     1 1 1 
1 1 1 1     1 1 1 1           

Step: 52 >>>   LAYING_X 6 0
=============================
            x x 1 1     1 1 1 
1 1 1 1     1 1 3 1     1 9 1 
1 1 5 1     1 1 1 1     1 1 1 
1 1 1 1     1 1 1 1     1 1 1 
1 1 1 1 1 1 1 1 1 1     1 1 1 
1 1 1 1     1 1 1 1           

Step: 53 >>>   LAYING_X 6 1
=============================
            1 1 1 1     1 1 1 
1 1 1 1     x x 3 1     1 9 1 
1 1 5 1     1 1 1 1     1 1 1 
1 1 1 1     1 1 1 1     1 1 1 
1 1 1 1 1 1 1 1 1 1     1 1 1 
1 1 1 1     1 1 1 1           

Step: 54 >>>   STANDING 8 1
=============================
            1 1 1 1     1 1 1 
1 1 1 1     1 1 x 1     1 9 1 
1 1 5 1     1 1 1 1     1 1 1 
1 1 1 1     1 1 1 1     1 1 1 
1 1 1 1 1 1 1 1 1 1 1 1 1 1 1 
1 1 1 1     1 1 1 1           

Step: 55 >>>   LAYING_X 6 1
=============================
            1 1 1 1     1 1 1 
1 1 1 1     x x 3 1     1 9 1 
1 1 5 1     1 1 1 1     1 1 1 
1 1 1 1     1 1 1 1     1 1 1 
1 1 1 1 1 1 1 1 1 1 1 1 1 1 1 
1 1 1 1     1 1 1 1           

Step: 56 >>>   LAYING_X 6 2
=============================
            1 1 1 1     1 1 1 
1 1 1 1     1 1 3 1     1 9 1 
1 1 5 1     x x 1 1     1 1 1 
1 1 1 1     1 1 1 1     1 1 1 
1 1 1 1 1 1 1 1 1 1 1 1 1 1 1 
1 1 1 1     1 1 1 1           

Step: 57 >>>   LAYING_X 6 3
=============================
            1 1 1 1     1 1 1 
1 1 1 1     1 1 3 1     1 9 1 
1 1 5 1     1 1 1 1     1 1 1 
1 1 1 1     x x 1 1     1 1 1 
1 1 1 1 1 1 1 1 1 1 1 1 1 1 1 
1 1 1 1     1 1 1 1           

Step: 58 >>>   LAYING_X 6 4
=============================
            1 1 1 1     1 1 1 
1 1 1 1     1 1 3 1     1 9 1 
1 1 5 1     1 1 1 1     1 1 1 
1 1 1 1     1 1 1 1     1 1 1 
1 1 1 1 1 1 x x 1 1 1 1 1 1 1 
1 1 1 1     1 1 1 1           

Step: 59 >>>   STANDING 5 4
=============================
            1 1 1 1     1 1 1 
1 1 1 1     1 1 3 1     1 9 1 
1 1 5 1     1 1 1 1     1 1 1 
1 1 1 1     1 1 1 1     1 1 1 
1 1 1 1 1 x 1 1 1 1 1 1 1 1 1 
1 1 1 1     1 1 1 1           

Step: 60 >>>   LAYING_X 3 4
=============================
            1 1 1 1     1 1 1 
1 1 1 1     1 1 3 1     1 9 1 
1 1 5 1     1 1 1 1     1 1 1 
1 1 1 1     1 1 1 1     1 1 1 
1 1 1 x x 1 1 1 1 1 1 1 1 1 1 
1 1 1 1     1 1 1 1           

Step: 61 >>>   STANDING 2 4
=============================
            1 1 1 1     1 1 1 
1 1 1 1     1 1 3 1     1 9 1 
1 1 5 1     1 1 1 1     1 1 1 
1 1 1 1     1 1 1 1     1 1 1 
1 1 x 1 1 1 1 1 1 1 1 1 1 1 1 
1 1 1 1     1 1 1 1           

Step: 62 >>>   LAYING_X 0 4
=============================
            1 1 1 1     1 1 1 
1 1 1 1     1 1 3 1     1 9 1 
1 1 5 1     1 1 1 1     1 1 1 
1 1 1 1     1 1 1 1     1 1 1 
x x 1 1 1 1 1 1 1 1 1 1 1 1 1 
1 1 1 1     1 1 1 1           

Step: 63 >>>   LAYING_X 0 5
=============================
            1 1 1 1     1 1 1 
1 1 1 1     1 1 3 1     1 9 1 
1 1 5 1     1 1 1 1     1 1 1 
1 1 1 1     1 1 1 1     1 1 1 
1 1 1 1 1 1 1 1 1 1 1 1 1 1 1 
x x 1 1     1 1 1 1           

Step: 64 >>>   STANDING 2 5
=============================
            1 1 1 1     1 1 1 
1 1 1 1     1 1 3 1     1 9 1 
1 1 5 1     1 1 1 1     1 1 1 
1 1 1 1     1 1 1 1     1 1 1 
1 1 1 1 1 1 1 1 1 1 1 1 1 1 1 
1 1 x 1     1 1 1 1           

Step: 65 >>>   LAYING_Y 2 3
=============================
            1 1 1 1     1 1 1 
1 1 1 1     1 1 3 1     1 9 1 
1 1 5 1     1 1 1 1     1 1 1 
1 1 x 1     1 1 1 1     1 1 1 
1 1 x 1 1 1 1 1 1 1 1 1 1 1 1 
1 1 1 1     1 1 1 1           

Step: 66 >>>   LAYING_Y 1 3
=============================
            1 1 1 1     1 1 1 
1 1 1 1     1 1 3 1     1 9 1 
1 1 5 1     1 1 1 1     1 1 1 
1 x 1 1     1 1 1 1     1 1 1 
1 x 1 1 1 1 1 1 1 1 1 1 1 1 1 
1 1 1 1     1 1 1 1           

Step: 67 >>>   LAYING_Y 0 3
=============================
            1 1 1 1     1 1 1 
1 1 1 1     1 1 3 1     1 9 1 
1 1 5 1     1 1 1 1     1 1 1 
x 1 1 1     1 1 1 1     1 1 1 
x 1 1 1 1 1 1 1 1 1 1 1 1 1 1 
1 1 1 1     1 1 1 1           

Step: 68 >>>   STANDING 0 5
=============================
            1 1 1 1     1 1 1 
1 1 1 1     1 1 3 1     1 9 1 
1 1 5 1     1 1 1 1     1 1 1 
1 1 1 1     1 1 1 1     1 1 1 
1 1 1 1 1 1 1 1 1 1 1 1 1 1 1 
x 1 1 1     1 1 1 1           

Step: 69 >>>   LAYING_X 1 5
=============================
            1 1 1 1     1 1 1 
1 1 1 1     1 1 3 1     1 9 1 
1 1 5 1     1 1 1 1     1 1 1 
1 1 1 1     1 1 1 1     1 1 1 
1 1 1 1 1 1 1 1 1 1 1 1 1 1 1 
1 x x 1     1 1 1 1           

Step: 70 >>>   LAYING_X 1 4
=============================
            1 1 1 1     1 1 1 
1 1 1 1     1 1 3 1     1 9 1 
1 1 5 1     1 1 1 1     1 1 1 
1 1 1 1     1 1 1 1     1 1 1 
1 x x 1 1 1 1 1 1 1 1 1 1 1 1 
1 1 1 1     1 1 1 1           

Step: 71 >>>   STANDING 0 4
=============================
            1 1 1 1     1 1 1 
1 1 1 1     1 1 3 1     1 9 1 
1 1 5 1     1 1 1 1     1 1 1 
1 1 1 1     1 1 1 1     1 1 1 
x 1 1 1 1 1 1 1 1 1 1 1 1 1 1 
1 1 1 1     1 1 1 1           

Step: 72 >>>   LAYING_Y 0 2
=============================
            1 1 1 1     1 1 1 
1 1 1 1     1 1 3 1     1 9 1 
x 1 5 1     1 1 1 1     1 1 1 
x 1 1 1     1 1 1 1     1 1 1 
1 1 1 1 1 1 1 1 1 1 1 1 1 1 1 
1 1 1 1     1 1 1 1           

Step: 73 >>>   LAYING_Y 1 2
=============================
            1 1 1 1     1 1 1 
1 1 1 1     1 1 3 1     1 9 1 
1 x 5 1     1 1 1 1     1 1 1 
1 x 1 1     1 1 1 1     1 1 1 
1 1 1 1 1 1 1 1 1 1 1 1 1 1 1 
1 1 1 1     1 1 1 1           

Step: 74 >>>   STANDING 1 4
=============================
            1 1 1 1     1 1 1 
1 1 1 1     1 1 3 1     1 9 1 
1 1 5 1     1 1 1 1     1 1 1 
1 1 1 1     1 1 1 1     1 1 1 
1 x 1 1 1 1 1 1 1 1 1 1 1 1 1 
1 1 1 1     1 1 1 1           

Step: 75 >>>   LAYING_X 2 4
=============================
            1 1 1 1     1 1 1 
1 1 1 1     1 1 3 1     1 9 1 
1 1 5 1     1 1 1 1     1 1 1 
1 1 1 1     1 1 1 1     1 1 1 
1 1 x x 1 1 1 1 1 1 1 1 1 1 1 
1 1 1 1     1 1 1 1           

Step: 76 >>>   STANDING 4 4
=============================
            1 1 1 1     1 1 1 
1 1 1 1     1 1 3 1     1 9 1 
1 1 5 1     1 1 1 1     1 1 1 
1 1 1 1     1 1 1 1     1 1 1 
1 1 1 1 x 1 1 1 1 1 1 1 1 1 1 
1 1 1 1     1 1 1 1           

Step: 77 >>>   LAYING_X 5 4
=============================
            1 1 1 1     1 1 1 
1 1 1 1     1 1 3 1     1 9 1 
1 1 5 1     1 1 1 1     1 1 1 
1 1 1 1     1 1 1 1     1 1 1 
1 1 1 1 1 x x 1 1 1 1 1 1 1 1 
1 1 1 1     1 1 1 1           

Step: 78 >>>   STANDING 7 4
=============================
            1 1 1 1     1 1 1 
1 1 1 1     1 1 3 1     1 9 1 
1 1 5 1     1 1 1 1     1 1 1 
1 1 1 1     1 1 1 1     1 1 1 
1 1 1 1 1 1 1 x 1 1 1 1 1 1 1 
1 1 1 1     1 1 1 1           

Step: 79 >>>   LAYING_X 8 4
=============================
            1 1 1 1     1 1 1 
1 1 1 1     1 1 3 1     1 9 1 
1 1 5 1     1 1 1 1     1 1 1 
1 1 1 1     1 1 1 1     1 1 1 
1 1 1 1 1 1 1 1 x x 1 1 1 1 1 
1 1 1 1     1 1 1 1           

Step: 80 >>>   LAYING_X 8 5
=============================
            1 1 1 1     1 1 1 
1 1 1 1     1 1 3 1     1 9 1 
1 1 5 1     1 1 1 1     1 1 1 
1 1 1 1     1 1 1 1     1 1 1 
1 1 1 1 1 1 1 1 1 1 1 1 1 1 1 
1 1 1 1     1 1 x x           

Step: 81 >>>   STANDING 7 5
=============================
            1 1 1 1     1 1 1 
1 1 1 1     1 1 3 1     1 9 1 
1 1 5 1     1 1 1 1     1 1 1 
1 1 1 1     1 1 1 1     1 1 1 
1 1 1 1 1 1 1 1 1 1 1 1 1 1 1 
1 1 1 1     1 x 1 1           

Step: 82 >>>   LAYING_Y 7 3
=============================
            1 1 1 1     1 1 1 
1 1 1 1     1 1 3 1     1 9 1 
1 1 5 1     1 1 1 1     1 1 1 
1 1 1 1     1 x 1 1     1 1 1 
1 1 1 1 1 1 1 x 1 1 1 1 1 1 1 
1 1 1 1     1 1 1 1           

Step: 83 >>>   LAYING_Y 6 3
=============================
            1 1 1 1     1 1 1 
1 1 1 1     1 1 3 1     1 9 1 
1 1 5 1     1 1 1 1     1 1 1 
1 1 1 1     x 1 1 1     1 1 1 
1 1 1 1 1 1 x 1 1 1 1 1 1 1 1 
1 1 1 1     1 1 1 1           

Step: 84 >>>   STANDING 6 5
=============================
            1 1 1 1     1 1 1 
1 1 1 1     1 1 3 1     1 9 1 
1 1 5 1     1 1 1 1     1 1 1 
1 1 1 1     1 1 1 1     1 1 1 
1 1 1 1 1 1 1 1 1 1 1 1 1 1 1 
1 1 1 1     x 1 1 1           

Step: 85 >>>   LAYING_X 7 5
=============================
            1 1 1 1     1 1 1 
1 1 1 1     1 1 3 1     1 9 1 
1 1 5 1     1 1 1 1     1 1 1 
1 1 1 1     1 1 1 1     1 1 1 
1 1 1 1 1 1 1 1 1 1 1 1 1 1 1 
1 1 1 1     1 x x 1           

Step: 86 >>>   STANDING 9 5
=============================
            1 1 1 1     1 1 1 
1 1 1 1     1 1 3 1     1 9 1 
1 1 5 1     1 1 1 1     1 1 1 
1 1 1 1     1 1 1 1     1 1 1 
1 1 1 1 1 1 1 1 1 1 1 1 1 1 1 
1 1 1 1     1 1 1 x           

Step: 87 >>>   LAYING_Y 9 3
=============================
            1 1 1 1     1 1 1 
1 1 1 1     1 1 3 1     1 9 1 
1 1 5 1     1 1 1 1     1 1 1 
1 1 1 1     1 1 1 x     1 1 1 
1 1 1 1 1 1 1 1 1 x 1 1 1 1 1 
1 1 1 1     1 1 1 1           

Step: 88 >>>   STANDING 9 2
=============================
            1 1 1 1     1 1 1 
1 1 1 1     1 1 3 1     1 9 1 
1 1 5 1     1 1 1 x     1 1 1 
1 1 1 1     1 1 1 1     1 1 1 
1 1 1 1 1 1 1 1 1 1 1 1 1 1 1 
1 1 1 1     1 1 1 1           

Step: 89 >>>   LAYING_X 7 2
=============================
            1 1 1 1     1 1 1 
1 1 1 1     1 1 3 1     1 9 1 
1 1 5 1     1 x x 1     1 1 1 
1 1 1 1     1 1 1 1     1 1 1 
1 1 1 1 1 1 1 1 1 1 1 1 1 1 1 
1 1 1 1     1 1 1 1           

Step: 90 >>>   LAYING_X 7 1
=============================
            1 1 1 1     1 1 1 
1 1 1 1     1 x x 1     1 9 1 
1 1 5 1     1 1 1 1     1 1 1 
1 1 1 1     1 1 1 1     1 1 1 
1 1 1 1 1 1 1 1 1 1 1 1 1 1 1 
1 1 1 1     1 1 1 1           

Step: 91 >>>   STANDING 9 1
=============================
            1 1 1 1     1 1 1 
1 1 1 1     1 1 3 x     1 9 1 
1 1 5 1     1 1 1 1     1 1 1 
1 1 1 1     1 1 1 1     1 1 1 
1 1 1 1 1 1 1 1 1 1 1 1 1 1 1 
1 1 1 1     1 1 1 1           

Step: 92 >>>   LAYING_Y 9 2
=============================
            1 1 1 1     1 1 1 
1 1 1 1     1 1 3 1     1 9 1 
1 1 5 1     1 1 1 x     1 1 1 
1 1 1 1     1 1 1 x     1 1 1 
1 1 1 1 1 1 1 1 1 1 1 1 1 1 1 
1 1 1 1     1 1 1 1           

Step: 93 >>>   STANDING 9 4
=============================
            1 1 1 1     1 1 1 
1 1 1 1     1 1 3 1     1 9 1 
1 1 5 1     1 1 1 1     1 1 1 
1 1 1 1     1 1 1 1     1 1 1 
1 1 1 1 1 1 1 1 1 x 1 1 1 1 1 
1 1 1 1     1 1 1 1           

Step: 94 >>>   LAYING_X 10 4
=============================
            1 1 1 1     1 1 1 
1 1 1 1     1 1 3 1     1 9 1 
1 1 5 1     1 1 1 1     1 1 1 
1 1 1 1     1 1 1 1     1 1 1 
1 1 1 1 1 1 1 1 1 1 x x 1 1 1 
1 1 1 1     1 1 1 1           

Step: 95 >>>   STANDING 12 4
=============================
            1 1 1 1     1 1 1 
1 1 1 1     1 1 3 1     1 9 1 
1 1 5 1     1 1 1 1     1 1 1 
1 1 1 1     1 1 1 1     1 1 1 
1 1 1 1 1 1 1 1 1 1 1 1 x 1 1 
1 1 1 1     1 1 1 1           

Step: 96 >>>   LAYING_X 13 4
=============================
            1 1 1 1     1 1 1 
1 1 1 1     1 1 3 1     1 9 1 
1 1 5 1     1 1 1 1     1 1 1 
1 1 1 1     1 1 1 1     1 1 1 
1 1 1 1 1 1 1 1 1 1 1 1 1 x x 
1 1 1 1     1 1 1 1           

Step: 97 >>>   LAYING_X 13 3
=============================
            1 1 1 1     1 1 1 
1 1 1 1     1 1 3 1     1 9 1 
1 1 5 1     1 1 1 1     1 1 1 
1 1 1 1     1 1 1 1     1 x x 
1 1 1 1 1 1 1 1 1 1 1 1 1 1 1 
1 1 1 1     1 1 1 1           

Step: 98 >>>   STANDING 12 3
=============================
            1 1 1 1     1 1 1 
1 1 1 1     1 1 3 1     1 9 1 
1 1 5 1     1 1 1 1     1 1 1 
1 1 1 1     1 1 1 1     x 1 1 
1 1 1 1 1 1 1 1 1 1 1 1 1 1 1 
1 1 1 1     1 1 1 1           

Step: 99 >>>   LAYING_Y 12 1
=============================
            1 1 1 1     1 1 1 
1 1 1 1     1 1 3 1     x 9 1 
1 1 5 1     1 1 1 1     x 1 1 
1 1 1 1     1 1 1 1     1 1 1 
1 1 1 1 1 1 1 1 1 1 1 1 1 1 1 
1 1 1 1     1 1 1 1           

Step: 100 >>>   LAYING_Y 13 1
=============================
            1 1 1 1     1 1 1 
1 1 1 1     1 1 3 1     1 x 1 
1 1 5 1     1 1 1 1     1 x 1 
1 1 1 1     1 1 1 1     1 1 1 
1 1 1 1 1 1 1 1 1 1 1 1 1 1 1 
1 1 1 1     1 1 1 1           

Step: 101 >>>   LAYING_Y 14 1
=============================
            1 1 1 1     1 1 1 
1 1 1 1     1 1 3 1     1 9 x 
1 1 5 1     1 1 1 1     1 1 x 
1 1 1 1     1 1 1 1     1 1 1 
1 1 1 1 1 1 1 1 1 1 1 1 1 1 1 
1 1 1 1     1 1 1 1           

Step: 102 >>>   STANDING 14 3
=============================
            1 1 1 1     1 1 1 
1 1 1 1     1 1 3 1     1 9 1 
1 1 5 1     1 1 1 1     1 1 1 
1 1 1 1     1 1 1 1     1 1 x 
1 1 1 1 1 1 1 1 1 1 1 1 1 1 1 
1 1 1 1     1 1 1 1           

Step: 103 >>>   LAYING_X 12 3
=============================
            1 1 1 1     1 1 1 
1 1 1 1     1 1 3 1     1 9 1 
1 1 5 1     1 1 1 1     1 1 1 
1 1 1 1     1 1 1 1     x x 1 
1 1 1 1 1 1 1 1 1 1 1 1 1 1 1 
1 1 1 1     1 1 1 1           

Step: 104 >>>   LAYING_X 12 4
=============================
            1 1 1 1     1 1 1 
1 1 1 1     1 1 3 1     1 9 1 
1 1 5 1     1 1 1 1     1 1 1 
1 1 1 1     1 1 1 1     1 1 1 
1 1 1 1 1 1 1 1 1 1 1 1 x x 1 
1 1 1 1     1 1 1 1           

Step: 105 >>>   STANDING 14 4
=============================
            1 1 1 1     1 1 1 
1 1 1 1     1 1 3 1     1 9 1 
1 1 5 1     1 1 1 1     1 1 1 
1 1 1 1     1 1 1 1     1 1 1 
1 1 1 1 1 1 1 1 1 1 1 1 1 1 x 
1 1 1 1     1 1 1 1           

Step: 106 >>>   LAYING_Y 14 2
=============================
            1 1 1 1     1 1 1 
1 1 1 1     1 1 3 1     1 9 1 
1 1 5 1     1 1 1 1     1 1 x 
1 1 1 1     1 1 1 1     1 1 x 
1 1 1 1 1 1 1 1 1 1 1 1 1 1 1 
1 1 1 1     1 1 1 1           

Step: 107 >>>   LAYING_Y 13 2
=============================
            1 1 1 1     1 1 1 
1 1 1 1     1 1 3 1     1 9 1 
1 1 5 1     1 1 1 1     1 x 1 
1 1 1 1     1 1 1 1     1 x 1 
1 1 1 1 1 1 1 1 1 1 1 1 1 1 1 
1 1 1 1     1 1 1 1           

Step: 108 >>>   STANDING 13 1
=============================
            1 1 1 1     1 1 1 
1 1 1 1     1 1 3 1     1 x 1 
1 1 5 1     1 1 1 1     1 1 1 
1 1 1 1     1 1 1 1     1 1 1 
1 1 1 1 1 1 1 1 1 1 1 1 1 1 1 
1 1 1 1     1 1 1 1           
COMSUME 108 STEP!!!!
COMSUME 848 VIRTUAL STEP
SUCCESS
