
YOUR MAP LOOK LIKE THIS:
[0, 0, 0, 0, 0, 0, 1, 1, 1, 1, 1, 1, 1, 0, 0]
[1, 1, 1, 1, 0, 0, 1, 1, 1, 0, 0, 1, 1, 0, 0]
[1, 1, 1, 1, 1, 1, 1, 1, 1, 0, 0, 1, 1, 1, 1]
[1, 1, 1, 1, 0, 0, 0, 0, 0, 0, 0, 1, 1, 9, 1]
[1, 1, 1, 1, 0, 0, 0, 0, 0, 0, 0, 1, 1, 1, 1]
[1, 1, 1, 1, 0, 0, 0, 0, 0, 0, 0, 0, 1, 1, 1]
Start at ( 4 , 2 )
ManaBoa:
======================================
Solve DFS

THIS IS SUCCESS ROAD
================================

Step: 1 >>>   STANDING 4 2
=============================
            1 1 1 1 1 1 1     
1 1 1 1     1 1 1     1 1     
1 1 1 1 x 1 1 1 1     1 1 1 1 
1 1 1 1               1 1 9 1 
1 1 1 1               1 1 1 1 
1 1 1 1                 1 1 1 

Step: 2 >>>   LAYING_X 2 2
=============================
            1 1 1 1 1 1 1     
1 1 1 1     1 1 1     1 1     
1 1 x x 1 1 1 1 1     1 1 1 1 
1 1 1 1               1 1 9 1 
1 1 1 1               1 1 1 1 
1 1 1 1                 1 1 1 

Step: 3 >>>   STANDING 1 2
=============================
            1 1 1 1 1 1 1     
1 1 1 1     1 1 1     1 1     
1 x 1 1 1 1 1 1 1     1 1 1 1 
1 1 1 1               1 1 9 1 
1 1 1 1               1 1 1 1 
1 1 1 1                 1 1 1 

Step: 4 >>>   LAYING_Y 1 3
=============================
            1 1 1 1 1 1 1     
1 1 1 1     1 1 1     1 1     
1 1 1 1 1 1 1 1 1     1 1 1 1 
1 x 1 1               1 1 9 1 
1 x 1 1               1 1 1 1 
1 1 1 1                 1 1 1 

Step: 5 >>>   LAYING_Y 0 3
=============================
            1 1 1 1 1 1 1     
1 1 1 1     1 1 1     1 1     
1 1 1 1 1 1 1 1 1     1 1 1 1 
x 1 1 1               1 1 9 1 
x 1 1 1               1 1 1 1 
1 1 1 1                 1 1 1 

Step: 6 >>>   STANDING 0 5
=============================
            1 1 1 1 1 1 1     
1 1 1 1     1 1 1     1 1     
1 1 1 1 1 1 1 1 1     1 1 1 1 
1 1 1 1               1 1 9 1 
1 1 1 1               1 1 1 1 
x 1 1 1                 1 1 1 

Step: 7 >>>   LAYING_X 1 5
=============================
            1 1 1 1 1 1 1     
1 1 1 1     1 1 1     1 1     
1 1 1 1 1 1 1 1 1     1 1 1 1 
1 1 1 1               1 1 9 1 
1 1 1 1               1 1 1 1 
1 x x 1                 1 1 1 

Step: 8 >>>   STANDING 3 5
=============================
            1 1 1 1 1 1 1     
1 1 1 1     1 1 1     1 1     
1 1 1 1 1 1 1 1 1     1 1 1 1 
1 1 1 1               1 1 9 1 
1 1 1 1               1 1 1 1 
1 1 1 x                 1 1 1 

Step: 9 >>>   LAYING_Y 3 3
=============================
            1 1 1 1 1 1 1     
1 1 1 1     1 1 1     1 1     
1 1 1 1 1 1 1 1 1     1 1 1 1 
1 1 1 x               1 1 9 1 
1 1 1 x               1 1 1 1 
1 1 1 1                 1 1 1 

Step: 10 >>>   STANDING 3 2
=============================
            1 1 1 1 1 1 1     
1 1 1 1     1 1 1     1 1     
1 1 1 x 1 1 1 1 1     1 1 1 1 
1 1 1 1               1 1 9 1 
1 1 1 1               1 1 1 1 
1 1 1 1                 1 1 1 

Step: 11 >>>   LAYING_X 1 2
=============================
            1 1 1 1 1 1 1     
1 1 1 1     1 1 1     1 1     
1 x x 1 1 1 1 1 1     1 1 1 1 
1 1 1 1               1 1 9 1 
1 1 1 1               1 1 1 1 
1 1 1 1                 1 1 1 

Step: 12 >>>   LAYING_X 1 3
=============================
            1 1 1 1 1 1 1     
1 1 1 1     1 1 1     1 1     
1 1 1 1 1 1 1 1 1     1 1 1 1 
1 x x 1               1 1 9 1 
1 1 1 1               1 1 1 1 
1 1 1 1                 1 1 1 

Step: 13 >>>   STANDING 0 3
=============================
            1 1 1 1 1 1 1     
1 1 1 1     1 1 1     1 1     
1 1 1 1 1 1 1 1 1     1 1 1 1 
x 1 1 1               1 1 9 1 
1 1 1 1               1 1 1 1 
1 1 1 1                 1 1 1 

Step: 14 >>>   LAYING_Y 0 4
=============================
            1 1 1 1 1 1 1     
1 1 1 1     1 1 1     1 1     
1 1 1 1 1 1 1 1 1     1 1 1 1 
1 1 1 1               1 1 9 1 
x 1 1 1               1 1 1 1 
x 1 1 1                 1 1 1 

Step: 15 >>>   LAYING_Y 1 4
=============================
            1 1 1 1 1 1 1     
1 1 1 1     1 1 1     1 1     
1 1 1 1 1 1 1 1 1     1 1 1 1 
1 1 1 1               1 1 9 1 
1 x 1 1               1 1 1 1 
1 x 1 1                 1 1 1 

Step: 16 >>>   LAYING_Y 2 4
=============================
            1 1 1 1 1 1 1     
1 1 1 1     1 1 1     1 1     
1 1 1 1 1 1 1 1 1     1 1 1 1 
1 1 1 1               1 1 9 1 
1 1 x 1               1 1 1 1 
1 1 x 1                 1 1 1 

Step: 17 >>>   STANDING 2 3
=============================
            1 1 1 1 1 1 1     
1 1 1 1     1 1 1     1 1     
1 1 1 1 1 1 1 1 1     1 1 1 1 
1 1 x 1               1 1 9 1 
1 1 1 1               1 1 1 1 
1 1 1 1                 1 1 1 

Step: 18 >>>   LAYING_X 0 3
=============================
            1 1 1 1 1 1 1     
1 1 1 1     1 1 1     1 1     
1 1 1 1 1 1 1 1 1     1 1 1 1 
x x 1 1               1 1 9 1 
1 1 1 1               1 1 1 1 
1 1 1 1                 1 1 1 

Step: 19 >>>   LAYING_X 0 2
=============================
            1 1 1 1 1 1 1     
1 1 1 1     1 1 1     1 1     
x x 1 1 1 1 1 1 1     1 1 1 1 
1 1 1 1               1 1 9 1 
1 1 1 1               1 1 1 1 
1 1 1 1                 1 1 1 

Step: 20 >>>   STANDING 2 2
=============================
            1 1 1 1 1 1 1     
1 1 1 1     1 1 1     1 1     
1 1 x 1 1 1 1 1 1     1 1 1 1 
1 1 1 1               1 1 9 1 
1 1 1 1               1 1 1 1 
1 1 1 1                 1 1 1 

Step: 21 >>>   LAYING_X 3 2
=============================
            1 1 1 1 1 1 1     
1 1 1 1     1 1 1     1 1     
1 1 1 x x 1 1 1 1     1 1 1 1 
1 1 1 1               1 1 9 1 
1 1 1 1               1 1 1 1 
1 1 1 1                 1 1 1 

Step: 22 >>>   STANDING 5 2
=============================
            1 1 1 1 1 1 1     
1 1 1 1     1 1 1     1 1     
1 1 1 1 1 x 1 1 1     1 1 1 1 
1 1 1 1               1 1 9 1 
1 1 1 1               1 1 1 1 
1 1 1 1                 1 1 1 

Step: 23 >>>   LAYING_X 6 2
=============================
            1 1 1 1 1 1 1     
1 1 1 1     1 1 1     1 1     
1 1 1 1 1 1 x x 1     1 1 1 1 
1 1 1 1               1 1 9 1 
1 1 1 1               1 1 1 1 
1 1 1 1                 1 1 1 

Step: 24 >>>   STANDING 8 2
=============================
            1 1 1 1 1 1 1     
1 1 1 1     1 1 1     1 1     
1 1 1 1 1 1 1 1 x     1 1 1 1 
1 1 1 1               1 1 9 1 
1 1 1 1               1 1 1 1 
1 1 1 1                 1 1 1 

Step: 25 >>>   LAYING_Y 8 0
=============================
            1 1 x 1 1 1 1     
1 1 1 1     1 1 x     1 1     
1 1 1 1 1 1 1 1 1     1 1 1 1 
1 1 1 1               1 1 9 1 
1 1 1 1               1 1 1 1 
1 1 1 1                 1 1 1 

Step: 26 >>>   LAYING_Y 7 0
=============================
            1 x 1 1 1 1 1     
1 1 1 1     1 x 1     1 1     
1 1 1 1 1 1 1 1 1     1 1 1 1 
1 1 1 1               1 1 9 1 
1 1 1 1               1 1 1 1 
1 1 1 1                 1 1 1 

Step: 27 >>>   LAYING_Y 6 0
=============================
            x 1 1 1 1 1 1     
1 1 1 1     x 1 1     1 1     
1 1 1 1 1 1 1 1 1     1 1 1 1 
1 1 1 1               1 1 9 1 
1 1 1 1               1 1 1 1 
1 1 1 1                 1 1 1 

Step: 28 >>>   STANDING 6 2
=============================
            1 1 1 1 1 1 1     
1 1 1 1     1 1 1     1 1     
1 1 1 1 1 1 x 1 1     1 1 1 1 
1 1 1 1               1 1 9 1 
1 1 1 1               1 1 1 1 
1 1 1 1                 1 1 1 

Step: 29 >>>   LAYING_X 7 2
=============================
            1 1 1 1 1 1 1     
1 1 1 1     1 1 1     1 1     
1 1 1 1 1 1 1 x x     1 1 1 1 
1 1 1 1               1 1 9 1 
1 1 1 1               1 1 1 1 
1 1 1 1                 1 1 1 

Step: 30 >>>   LAYING_X 7 1
=============================
            1 1 1 1 1 1 1     
1 1 1 1     1 x x     1 1     
1 1 1 1 1 1 1 1 1     1 1 1 1 
1 1 1 1               1 1 9 1 
1 1 1 1               1 1 1 1 
1 1 1 1                 1 1 1 

Step: 31 >>>   LAYING_X 7 0
=============================
            1 x x 1 1 1 1     
1 1 1 1     1 1 1     1 1     
1 1 1 1 1 1 1 1 1     1 1 1 1 
1 1 1 1               1 1 9 1 
1 1 1 1               1 1 1 1 
1 1 1 1                 1 1 1 

Step: 32 >>>   STANDING 6 0
=============================
            x 1 1 1 1 1 1     
1 1 1 1     1 1 1     1 1     
1 1 1 1 1 1 1 1 1     1 1 1 1 
1 1 1 1               1 1 9 1 
1 1 1 1               1 1 1 1 
1 1 1 1                 1 1 1 

Step: 33 >>>   LAYING_Y 6 1
=============================
            1 1 1 1 1 1 1     
1 1 1 1     x 1 1     1 1     
1 1 1 1 1 1 x 1 1     1 1 1 1 
1 1 1 1               1 1 9 1 
1 1 1 1               1 1 1 1 
1 1 1 1                 1 1 1 

Step: 34 >>>   LAYING_Y 7 1
=============================
            1 1 1 1 1 1 1     
1 1 1 1     1 x 1     1 1     
1 1 1 1 1 1 1 x 1     1 1 1 1 
1 1 1 1               1 1 9 1 
1 1 1 1               1 1 1 1 
1 1 1 1                 1 1 1 

Step: 35 >>>   LAYING_Y 8 1
=============================
            1 1 1 1 1 1 1     
1 1 1 1     1 1 x     1 1     
1 1 1 1 1 1 1 1 x     1 1 1 1 
1 1 1 1               1 1 9 1 
1 1 1 1               1 1 1 1 
1 1 1 1                 1 1 1 

Step: 36 >>>   STANDING 8 0
=============================
            1 1 x 1 1 1 1     
1 1 1 1     1 1 1     1 1     
1 1 1 1 1 1 1 1 1     1 1 1 1 
1 1 1 1               1 1 9 1 
1 1 1 1               1 1 1 1 
1 1 1 1                 1 1 1 

Step: 37 >>>   LAYING_X 9 0
=============================
            1 1 1 x x 1 1     
1 1 1 1     1 1 1     1 1     
1 1 1 1 1 1 1 1 1     1 1 1 1 
1 1 1 1               1 1 9 1 
1 1 1 1               1 1 1 1 
1 1 1 1                 1 1 1 

Step: 38 >>>   STANDING 11 0
=============================
            1 1 1 1 1 x 1     
1 1 1 1     1 1 1     1 1     
1 1 1 1 1 1 1 1 1     1 1 1 1 
1 1 1 1               1 1 9 1 
1 1 1 1               1 1 1 1 
1 1 1 1                 1 1 1 

Step: 39 >>>   LAYING_Y 11 1
=============================
            1 1 1 1 1 1 1     
1 1 1 1     1 1 1     x 1     
1 1 1 1 1 1 1 1 1     x 1 1 1 
1 1 1 1               1 1 9 1 
1 1 1 1               1 1 1 1 
1 1 1 1                 1 1 1 

Step: 40 >>>   STANDING 11 3
=============================
            1 1 1 1 1 1 1     
1 1 1 1     1 1 1     1 1     
1 1 1 1 1 1 1 1 1     1 1 1 1 
1 1 1 1               x 1 9 1 
1 1 1 1               1 1 1 1 
1 1 1 1                 1 1 1 

Step: 41 >>>   LAYING_X 12 3
=============================
            1 1 1 1 1 1 1     
1 1 1 1     1 1 1     1 1     
1 1 1 1 1 1 1 1 1     1 1 1 1 
1 1 1 1               1 x x 1 
1 1 1 1               1 1 1 1 
1 1 1 1                 1 1 1 

Step: 42 >>>   LAYING_X 12 4
=============================
            1 1 1 1 1 1 1     
1 1 1 1     1 1 1     1 1     
1 1 1 1 1 1 1 1 1     1 1 1 1 
1 1 1 1               1 1 9 1 
1 1 1 1               1 x x 1 
1 1 1 1                 1 1 1 

Step: 43 >>>   STANDING 11 4
=============================
            1 1 1 1 1 1 1     
1 1 1 1     1 1 1     1 1     
1 1 1 1 1 1 1 1 1     1 1 1 1 
1 1 1 1               1 1 9 1 
1 1 1 1               x 1 1 1 
1 1 1 1                 1 1 1 

Step: 44 >>>   LAYING_Y 11 2
=============================
            1 1 1 1 1 1 1     
1 1 1 1     1 1 1     1 1     
1 1 1 1 1 1 1 1 1     x 1 1 1 
1 1 1 1               x 1 9 1 
1 1 1 1               1 1 1 1 
1 1 1 1                 1 1 1 

Step: 45 >>>   LAYING_Y 12 2
=============================
            1 1 1 1 1 1 1     
1 1 1 1     1 1 1     1 1     
1 1 1 1 1 1 1 1 1     1 x 1 1 
1 1 1 1               1 x 9 1 
1 1 1 1               1 1 1 1 
1 1 1 1                 1 1 1 

Step: 46 >>>   STANDING 12 4
=============================
            1 1 1 1 1 1 1     
1 1 1 1     1 1 1     1 1     
1 1 1 1 1 1 1 1 1     1 1 1 1 
1 1 1 1               1 1 9 1 
1 1 1 1               1 x 1 1 
1 1 1 1                 1 1 1 

Step: 47 >>>   LAYING_X 13 4
=============================
            1 1 1 1 1 1 1     
1 1 1 1     1 1 1     1 1     
1 1 1 1 1 1 1 1 1     1 1 1 1 
1 1 1 1               1 1 9 1 
1 1 1 1               1 1 x x 
1 1 1 1                 1 1 1 

Step: 48 >>>   LAYING_X 13 5
=============================
            1 1 1 1 1 1 1     
1 1 1 1     1 1 1     1 1     
1 1 1 1 1 1 1 1 1     1 1 1 1 
1 1 1 1               1 1 9 1 
1 1 1 1               1 1 1 1 
1 1 1 1                 1 x x 

Step: 49 >>>   STANDING 12 5
=============================
            1 1 1 1 1 1 1     
1 1 1 1     1 1 1     1 1     
1 1 1 1 1 1 1 1 1     1 1 1 1 
1 1 1 1               1 1 9 1 
1 1 1 1               1 1 1 1 
1 1 1 1                 x 1 1 

Step: 50 >>>   LAYING_Y 12 3
=============================
            1 1 1 1 1 1 1     
1 1 1 1     1 1 1     1 1     
1 1 1 1 1 1 1 1 1     1 1 1 1 
1 1 1 1               1 x 9 1 
1 1 1 1               1 x 1 1 
1 1 1 1                 1 1 1 

Step: 51 >>>   LAYING_Y 13 3
=============================
            1 1 1 1 1 1 1     
1 1 1 1     1 1 1     1 1     
1 1 1 1 1 1 1 1 1     1 1 1 1 
1 1 1 1               1 1 x 1 
1 1 1 1               1 1 x 1 
1 1 1 1                 1 1 1 

Step: 52 >>>   STANDING 13 2
=============================
            1 1 1 1 1 1 1     
1 1 1 1     1 1 1     1 1     
1 1 1 1 1 1 1 1 1     1 1 x 1 
1 1 1 1               1 1 9 1 
1 1 1 1               1 1 1 1 
1 1 1 1                 1 1 1 

Step: 53 >>>   LAYING_X 11 2
=============================
            1 1 1 1 1 1 1     
1 1 1 1     1 1 1     1 1     
1 1 1 1 1 1 1 1 1     x x 1 1 
1 1 1 1               1 1 9 1 
1 1 1 1               1 1 1 1 
1 1 1 1                 1 1 1 

Step: 54 >>>   LAYING_X 11 3
=============================
            1 1 1 1 1 1 1     
1 1 1 1     1 1 1     1 1     
1 1 1 1 1 1 1 1 1     1 1 1 1 
1 1 1 1               x x 9 1 
1 1 1 1               1 1 1 1 
1 1 1 1                 1 1 1 

Step: 55 >>>   STANDING 13 3
=============================
            1 1 1 1 1 1 1     
1 1 1 1     1 1 1     1 1     
1 1 1 1 1 1 1 1 1     1 1 1 1 
1 1 1 1               1 1 x 1 
1 1 1 1               1 1 1 1 
1 1 1 1                 1 1 1 
COMSUME 55 STEP!!!!
COMSUME 340 VIRTUAL STEP
SUCCESS
